82
8
88
36
85
40
25
86
13
53
89
58
17
10
11
57
5
34
99
4
25
72
64
5
70
46
11
63
69
55
6
75
74
82
62
18
69
38
98
41
66
52
18
47
61
10
48
49
84
1
29
61
59
75
43
15
6
19
34
8
37
88
55
88
85
15
53
49
57
66
55
82
15
65
4
34
5
97
64
76
41
88
16
86
70
56
24
41
58
39
33
6
88
38
47
65
37
4
30
40
73
91
81
19
25
73
94
68
11
33
12
84
98
24
39
33
42
84
36
25
13
53
64
95
28
95
22
42
59
64
69
26
71
40
41
47
86
81
94
98
68
22
52
69
7
98
43
7
17
82
34
66
7
99
42
25
71
24
55
90
4
33
44
1
81
17
28
98
82
33
77
30
6
29
43
81
62
79
87
32
29
31
34
82
51
85
54
86
21
73
74
44
49
60
66
44
17
42
35
92
10
76
53
35
70
21
48
99
2
39
35
91
98
37
16
58
42
45
95
18
68
68
10
4
73
20
70
48
21
79
21
55
49
11
60
69
66
53
99
0
88
43
28
82
98
63
50
13
10
87
29
22
46
42
11
75
94
57
39
83
92
50
91
26
43
25
53
90
73
4
13
99
49
17
34
30
87
68
5
14
49
83
49
28
32
73
36
1
11
42
9
23
47
65
85
76
66
94
35
59
64
23
19
67
44
70
48
19
8
50
36
47
30
56
68
33
95
58
58
35
84
69
86
4
32
30
46
96
73
99
50
48
26
37
59
58
22
43
50
17
81
50
39
71
87
65
21
72
66
86
80
7
21
92
23
96
10
27
11
23
29
10
65
43
35
85
52
69
24
47
41
37
78
92
33
96
74
93
70
23
23
46
3
3
21
76
74
17
46
16
70
35
34
57
24
13
