774
270
60
708
708
409
870
177
109
923
216
834
328
988
840
613
962
634
229
835
0
101
807
784
883
689
668
239
807
211
788
168
677
250
291
985
492
499
83
392
384
334
436
347
36
648
624
971
55
531
641
724
417
138
579
769
931
712
944
318
831
36
777
606
231
724
451
474
822
116
268
723
809
457
799
313
326
511
43
650
57
454
90
668
108
903
787
747
494
591
426
857
813
425
588
204
546
561
662
14
337
821
897
691
876
81
780
307
748
330
825
819
346
275
631
628
263
690
968
302
788
56
522
212
593
384
753
177
109
187
220
364
414
559
248
982
924
959
165
926
948
251
230
226
875
736
884
489
494
193
934
261
237
809
947
366
552
882
725
435
763
710
657
352
812
295
244
690
930
952
249
761
878
28
885
94
590
374
733
416
309
722
96
342
891
595
798
498
190
666
171
633
859
669
90
692
389
315
849
846
451
224
506
127
860
569
697
639
662
208
648
308
311
877
167
788
603
618
958
937
410
289
248
364
332
664
544
412
307
798
827
516
869
620
197
665
333
602
329
569
100
913
544
452
799
391
755
518
435
141
889
149
166
902
124
939
719
232
705
35
775
88
869
963
6
108
107
758
198
136
101
888
343
118
807
253
146
88
942
339
905
230
828
528
423
394
576
177
989
915
319
30
984
877
263
26
237
267
688
264
358
757
876
720
320
39
706
588
699
570
625
226
961
473
632
912
137
623
446
867
453
807
409
379
946
341
666
638
590
269
215
102
226
165
41
695
862
504
165
215
781
71
28
509
365
21
811
59
868
536
133
282
430
253
330
129
106
304
787
898
699
410
605
281
93
182
666
361
745
162
738
10
546
352
530
268
734
827
917
292
31
491
664
561
231
978
820
122
618
389
970
66
653
997
988
234
82
798
529
815
615
685
159
273
415
895
442
827
671
578
228
412
795
455
787
189
928
118
10
995
906
180
785
254
712
935
31
928
975
752
483
885
619
564
665
134
927
0
899
476
380
357
35
185
301
877
499
878
58
55
934
210
996
21
101
95
4
435
6
365
936
796
683
752
644
142
803
148
297
815
993
962
876
769
631
394
389
863
886
831
731
104
684
532
736
922
617
405
821
886
287
127
530
327
43
654
146
588
752
73
958
781
540
6
658
863
195
21
93
918
409
984
572
706
713
535
653
691
723
85
829
857
618
847
841
960
4
310
381
606
699
735
155
969
800
202
554
25
545
426
582
533
569
994
883
255
682
750
406
489
42
838
636
374
745
25
392
399
355
36
181
509
713
297
683
813
744
785
302
925
724
844
844
428
107
105
776
197
140
21
891
697
615
45
719
692
989
20
466
132
327
614
355
117
508
316
603
592
541
736
318
547
654
972
566
114
742
114
862
649
591
795
286
305
286
589
100
350
615
465
401
0
65
27
202
232
153
615
150
640
523
976
751
612
252
690
634
501
891
363
931
842
154
173
893
771
651
128
724
162
278
321
997
560
188
561
538
555
668
556
192
232
161
715
384
427
925
96
661
68
915
69
816
935
304
888
39
71
161
969
385
757
241
646
710
591
577
689
644
451
804
922
53
137
828
171
750
993
391
371
825
134
604
124
698
167
316
416
776
748
803
219
631
598
45
960
234
316
726
502
643
6
624
426
555
840
598
456
221
108
35
835
118
327
603
47
591
43
58
781
325
202
649
562
387
365
886
132
246
677
604
43
218
135
906
827
762
647
375
895
201
616
220
974
99
424
661
192
933
648
291
695
34
711
483
431
649
179
498
651
738
543
190
142
959
916
319
580
169
654
567
800
232
727
582
301
953
100
337
581
438
635
542
276
687
531
675
213
939
981
459
988
150
935
171
456
870
745
263
992
221
523
871
403
931
193
337
35
747
180
902
854
45
655
27
269
833
609
983
355
96
87
984
425
973
876
242
967
853
515
816
534
628
29
273
983
560
412
349
615
499
855
162
186
288
712
53
127
447
833
944
149
425
715
963
207
412
339
77
10
78
971
506
994
367
192
211
62
348
408
624
406
978
934
511
919
887
268
13
333
750
517
664
680
689
821
539
76
927
281
986
717
262
460
493
243
357
150
66
640
485
344
838
114
608
719
564
354
206
610
50
761
751
237
387
375
238
208
681
366
256
105
251
791
307
307
267
121
487
733
15
400
541
710
537
952
969
302
543
793
365
143
405
414
60
705
576
791
967
539
97
86
148
200
513
953
287
925
793
936
122
205
599
866
199
596
790
420
163
751
508
557
640
741
267
990
550
263
425
343
564
776
185
849
751
350
124
525
126
790
83
445
951
324
291
439
501
352
362
797
903
770
252
418
419
336
43
576
451
533
737
961
602
880
116
658
41
955
892
920
944
852
844
514
423
797
670
741
650
785
213
458
694
154
914
657
988
523
264
497
764
185
141
9
291
222
179
58
636
512
240
176
781
248
169
290
745
685
914
504
648
783
890
908
859
257
725
159
264
491
54
206
59
95
157
565
607
184
628
508
356
206
594
109
682
316
456
465
489
682
128
691
922
216
587
686
276
818
555
230
429
220
502
477
419
706
176
564
137
557
90
909
454
542
900
931
297
143
314
374
218
273
805
612
905
229
193
484
760
540
19
782
264
437
671
119
302
641
774
749
539
798
335
858
608
656
665
574
548
893
872
170
402
515
640
285
926
945
518
109
323
925
5
426
793
33
224
912
941
62
673
69
430
142
735
702
639
614
168
63
386
228
539
179
215
766
620
26
805
748
8
763
289
123
857
180
133
152
488
975
701
234
350
224
861
917
85
442
188
857
87
913
645
663
625
307
826
405
974
304
348
626
70
84
317
879
63
196
721
203
995
680
760
377
956
164
364
931
250
674
128
394
563
783
376
169
605
425
928
634
45
250
68
999
81
383
954
755
526
917
613
539
716
393
371
755
464
781
0
191
547
160
267
948
589
57
243
330
890
203
49
916
663
134
181
821
275
358
352
796
705
115
466
262
409
95
847
509
408
243
333
739
241
106
141
886
624
359
235
421
560
895
844
224
93
583
879
902
896
493
242
174
698
330
566
170
717
985
270
966
147
455
599
599
737
201
418
4
170
867
821
392
902
406
250
422
183
30
0
377
780
268
660
724
577
135
654
828
1
378
25
885
890
552
377
737
482
989
781
802
855
835
194
621
743
474
447
364
709
790
456
243
87
434
11
851
535
396
340
509
46
973
458
974
633
427
715
365
444
362
729
105
128
227
798
909
764
590
715
634
481
987
426
168
87
355
604
991
608
227
951
689
752
762
626
233
957
540
270
188
521
44
738
88
225
849
577
411
871
301
791
325
61
375
618
600
672
763
418
357
761
75
445
534
600
834
424
983
713
717
934
524
149
414
600
684
244
669
274
763
115
503
350
830
24
311
662
254
165
252
114
705
335
238
71
677
995
886
543
547
779
113
539
763
106
209
656
735
414
91
217
273
179
743
342
388
606
724
117
668
873
104
678
235
497
64
43
412
179
367
866
675
543
51
678
96
185
530
973
547
216
730
932
582
254
646
335
881
5
407
362
351
976
55
722
583
529
89
940
777
446
354
198
321
543
818
808
425
417
874
998
967
322
613
697
461
905
792
236
922
410
560
371
348
25
193
159
292
686
896
32
233
719
131
723
761
232
198
373
897
840
374
480
735
708
803
462
856
451
896
252
202
421
506
408
521
892
625
405
131
749
493
766
424
858
439
534
217
983
534
91
989
888
37
767
29
263
865
766
258
662
201
380
95
220
293
789
368
167
748
470
952
310
21
945
817
41
732
827
123
465
579
473
306
869
279
659
409
976
703
389
451
117
244
155
364
387
828
257
246
684
859
252
436
907
195
974
962
110
932
487
316
159
652
599
883
890
643
759
351
792
57
842
280
402
754
589
72
469
285
920
475
659
286
607
642
988
940
977
343
951
358
937
969
955
525
505
360
835
909
848
313
917
642
785
297
892
794
787
472
769
624
295
650
731
20
48
982
410
982
684
875
348
745
408
545
299
266
329
858
246
136
150
87
923
375
197
625
513
815
294
549
453
969
221
851
4
217
143
711
486
559
353
378
544
471
564
540
950
441
656
712
165
330
718
272
742
586
611
280
494
544
253
776
657
618
125
533
777
407
79
128
212
250
815
704
527
372
207
657
819
959
974
518
256
490
307
946
394
676
340
682
990
452
726
105
369
51
373
719
33
304
917
412
18
310
20
559
972
848
401
744
649
65
499
202
912
703
784
858
473
986
424
153
964
671
829
172
943
822
780
400
761
701
370
555
909
581
44
0
314
651
179
536
936
636
776
449
207
811
433
797
818
314
360
604
635
139
831
144
169
993
44
341
943
437
30
101
614
510
78
422
860
227
656
793
949
481
210
187
848
167
197
775
276
590
891
712
453
551
963
813
293
922
39
869
406
83
173
825
244
448
711
675
439
738
759
855
569
1
132
165
717
255
964
779
403
19
816
692
480
921
311
153
759
107
805
722
650
255
699
458
842
577
476
515
386
121
69
313
720
488
138
232
8
897
196
435
808
851
49
445
865
791
708
160
351
788
882
686
952
824
306
205
671
993
29
998
554
295
215
670
363
663
952
998
212
632
753
668
809
871
254
438
614
730
775
823
630
180
455
948
918
143
226
84
743
831
603
581
458
853
941
292
921
370
178
453
133
740
848
805
741
707
887
137
410
855
96
448
447
29
813
648
82
866
156
150
962
133
688
369
738
517
850
227
192
53
314
424
789
395
814
497
266
764
237
967
597
347
866
252
149
302
590
177
537
179
458
266
468
546
415
138
660
55
10
23
143
120
195
87
351
613
275
262
675
202
26
666
921
81
894
682
917
424
864
534
599
693
907
598
689
651
710
601
463
855
44
413
326
703
926
475
246
324
408
712
1
407
78
772
417
714
918
935
157
833
962
489
31
760
52
572
268
881
967
24
512
128
40
769
349
619
226
911
216
217
211
684
512
75
934
359
496
23
467
655
266
441
706
815
587
220
874
538
667
446
424
336
480
513
290
75
176
573
466
516
572
830
147
672
985
269
897
633
533
939
377
269
627
947
880
590
108
525
373
671
960
700
265
392
36
207
418
680
118
435
666
489
514
525
576
871
442
428
882
711
244
606
858
70
475
491
943
415
713
982
918
884
7
124
944
738
404
504
156
715
112
933
370
561
231
281
596
488
925
121
823
218
224
790
334
874
677
474
292
894
229
627
353
625
612
355
287
939
620
768
329
514
85
644
255
62
671
555
889
990
782
613
901
589
797
995
889
391
964
600
548
983
504
39
716
399
911
447
488
656
231
62
157
949
227
348
953
530
490
129
500
951
298
494
26
975
201
778
763
997
620
507
493
49
13
221
839
60
461
829
364
237
79
688
940
317
516
780
348
701
518
741
255
314
292
847
851
135
903
383
792
262
132
23
121
861
80
192
347
3
200
655
857
788
969
10
231
166
337
5
862
178
647
675
442
3
535
922
394
796
954
39
267
822
453
649
722
326
560
924
97
785
961
296
369
81
66
635
419
928
160
605
579
968
909
678
66
706
530
957
6
41
853
506
860
827
281
512
25
476
702
230
433
676
59
553
556
518
120
996
860
574
759
595
108
701
437
882
862
454
883
776
556
691
194
335
920
363
973
174
327
873
137
249
771
615
876
804
446
26
894
692
118
19
221
789
309
737
0
200
815
11
57
866
927
968
327
624
939
210
112
690
80
486
313
103
502
849
858
486
546
418
276
591
64
5
749
64
82
934
271
721
501
654
371
697
196
713
208
732
502
67
167
439
456
832
463
130
257
299
467
723
861
800
935
132
300
533
568
936
907
104
701
99
763
301
332
141
320
20
480
591
963
60
620
720
544
568
924
211
81
141
100
327
374
282
297
569
226
454
651
260
697
313
224
253
457
538
358
473
936
216
116
871
153
627
491
90
182
85
162
45
335
488
170
475
463
94
579
627
154
784
72
968
782
318
730
569
159
705
405
54
810
334
256
136
908
575
661
474
891
752
165
329
474
569
566
271
962
474
601
375
135
790
64
966
673
749
512
771
842
111
865
851
35
884
563
625
895
67
697
99
995
178
13
699
8
469
644
277
979
644
872
877
265
511
104
307
421
324
196
265
802
106
356
352
660
246
386
883
604
526
247
324
524
82
662
55
903
525
841
456
679
486
921
740
217
161
861
439
634
924
684
185
550
680
4
639
410
231
908
392
838
103
173
214
9
69
60
213
806
128
686
897
275
879
402
848
612
276
849
547
46
859
561
105
397
556
988
516
512
333
162
780
756
427
865
822
323
221
654
718
331
213
720
124
127
896
571
587
361
160
182
530
866
941
361
923
130
821
205
10
74
882
117
862
2
68
770
865
78
365
95
823
238
273
779
985
136
701
823
598
9
251
439
961
178
2
486
233
527
421
773
564
567
468
415
219
272
88
58
197
174
787
889
67
367
641
910
498
369
640
641
246
484
240
245
662
514
169
735
612
546
209
488
854
403
716
963
65
109
994
497
226
430
212
670
776
33
153
20
489
906
213
354
361
791
430
136
695
356
706
417
513
814
161
728
110
938
287
37
601
36
243
212
818
967
118
488
384
729
345
58
548
883
774
134
2
835
615
900
794
998
211
180
113
718
171
601
916
201
134
882
147
820
647
192
393
337
237
706
975
166
220
928
316
207
499
994
857
984
216
347
984
652
637
961
790
737
133
282
913
655
287
300
867
318
765
1
349
923
515
900
878
819
658
696
618
475
233
282
368
886
410
957
855
673
228
804
328
360
793
203
634
318
451
537
61
915
312
923
655
310
989
328
744
673
285
465
917
995
113
857
304
407
758
64
954
175
164
360
779
664
596
143
124
20
443
524
164
792
789
138
358
683
614
536
116
189
802
823
423
795
442
975
324
971
419
684
896
7
664
558
466
81
195
435
114
882
531
904
113
596
710
221
389
873
742
413
174
465
36
903
737
475
811
766
138
201
633
361
948
501
339
626
11
951
74
563
646
576
794
665
45
478
341
422
205
690
44
400
524
753
997
138
198
530
691
74
311
229
272
764
795
903
59
207
809
811
230
137
965
13
166
990
426
228
995
750
607
250
543
349
21
631
978
941
810
501
622
291
112
562
98
665
282
107
877
576
117
634
811
643
661
61
79
122
993
937
835
892
890
166
469
459
374
643
132
908
852
747
265
892
952
322
956
436
662
661
358
357
425
440
323
646
311
590
657
267
985
523
22
550
980
592
158
499
654
554
589
603
675
746
677
587
534
731
918
996
740
19
344
272
558
395
244
340
897
394
630
511
515
108
461
197
746
28
704
703
365
807
623
71
229
429
474
655
281
448
22
87
915
64
28
847
455
675
17
421
803
559
911
607
528
79
579
777
796
835
415
606
803
495
2
529
526
676
741
203
563
366
277
891
342
271
124
551
762
914
831
716
360
523
766
600
847
469
587
645
734
746
756
439
736
847
639
827
276
382
605
38
628
43
397
5
696
650
490
548
414
958
211
982
321
546
68
842
369
399
607
760
787
41
708
292
41
736
915
749
529
190
629
9
134
304
968
150
284
787
146
960
515
241
648
188
747
937
588
871
548
271
989
717
101
355
581
109
924
76
299
463
322
157
446
78
259
688
970
610
732
281
216
70
404
490
942
544
208
254
752
915
792
822
599
816
412
944
325
991
371
820
669
645
378
330
719
240
279
846
853
689
108
732
121
12
844
464
665
501
748
905
815
16
973
890
93
341
25
660
432
23
752
305
340
408
378
166
452
57
21
907
37
282
149
143
340
943
305
273
333
94
471
8
253
377
386
566
242
205
529
932
206
744
726
498
31
816
718
314
6
442
389
477
848
325
661
537
942
485
380
301
177
894
601
494
465
385
479
496
503
676
939
726
444
751
547
41
565
885
928
351
994
960
446
379
820
18
592
291
555
155
141
501
756
102
993
244
390
951
695
404
561
566
927
529
557
655
884
536
141
860
332
782
897
5
605
82
53
190
699
345
932
845
644
237
577
920
327
524
320
632
954
619
189
92
148
735
992
813
311
646
6
793
923
691
619
347
318
764
240
719
652
464
371
414
358
958
507
870
498
227
663
682
741
294
976
622
370
39
176
817
576
363
663
754
504
955
566
731
756
262
97
223
433
308
178
304
920
740
293
970
867
328
286
906
54
837
887
378
999
996
169
925
607
68
527
896
491
324
516
596
51
962
348
215
303
229
905
586
540
481
842
585
904
683
265
344
170
360
521
790
380
34
712
801
70
301
718
716
155
8
558
717
792
585
883
360
862
428
292
133
582
607
409
907
869
701
628
71
692
235
784
677
572
335
508
657
200
7
663
240
612
190
969
206
567
136
761
170
880
740
130
807
653
572
400
164
419
967
396
834
286
34
33
734
366
334
337
14
91
903
70
414
767
187
957
715
356
971
195
822
582
561
608
686
710
283
39
88
100
803
481
380
567
436
892
62
95
927
519
233
842
155
429
751
170
661
940
780
734
974
713
305
446
240
941
347
243
545
726
953
920
378
647
9
606
688
854
182
847
259
676
912
853
738
956
281
259
614
624
217
990
880
895
65
589
761
723
844
44
513
206
786
650
643
836
190
718
597
644
255
210
171
918
908
491
896
297
855
920
656
167
970
70
548
317
874
256
797
430
215
476
966
784
101
145
632
35
196
75
742
513
860
343
326
404
447
902
794
927
861
932
636
963
272
688
953
874
375
670
722
691
616
843
159
996
992
206
461
47
956
550
756
782
338
749
858
186
840
552
453
190
927
290
610
271
754
57
36
151
326
575
243
218
450
663
450
305
951
994
35
821
78
931
297
960
689
731
875
192
658
195
452
57
389
452
51
828
599
329
774
876
971
201
430
750
171
697
266
646
750
860
65
2
42
208
737
619
110
595
811
743
66
929
573
976
343
480
347
782
988
541
466
830
386
577
935
683
618
922
989
215
310
166
695
880
941
142
74
99
233
916
937
853
34
937
475
740
241
597
517
968
224
236
329
754
972
555
405
223
528
695
161
210
222
823
406
73
203
471
491
935
584
422
723
913
309
452
521
107
195
542
721
197
53
778
400
371
272
9
74
208
997
548
722
636
874
777
398
311
4
520
785
260
481
182
153
819
692
504
652
496
251
4
67
566
811
874
127
65
70
93
202
798
471
966
686
263
200
275
272
505
837
528
271
799
612
830
321
877
310
772
15
645
228
767
948
329
428
318
374
220
