100 100 100
9 75 88003
82 50 63819
23 38 43714
93 38 7830
55 25 65625
6 2 83552
84 25 49739
12 87 62239
91 36 24036
27 1 40903
61 8 82890
15 70 55087
68 41 83116
60 16 5000
10 24 93758
74 39 4343
55 52 512
35 75 21122
88 76 42864
31 61 17658
94 50 30186
51 56 41261
74 62 10278
39 41 15878
23 30 98511
1 27 14714
67 68 75925
14 20 35539
74 10 43121
57 39 22697
55 24 10280
29 74 55051
88 60 74935
76 64 95679
5 31 53030
73 70 65782
51 40 92650
31 85 43038
60 91 985
21 66 99949
77 85 10813
73 73 2016
8 86 82993
2 34 85417
39 52 86279
10 66 15534
47 75 79043
69 52 60745
83 74 61008
93 85 24657
98 47 61062
4 82 44350
21 95 37965
31 9 69408
64 96 47457
27 72 58349
7 64 46988
11 83 34983
50 68 74397
85 68 38896
84 9 58205
49 52 75748
67 85 18474
86 72 21844
78 9 9003
1 57 26600
45 92 48613
34 22 68291
19 54 41629
31 81 43063
79 100 47735
8 90 3768
56 22 57076
11 40 54542
100 30 63231
44 59 95081
96 19 96291
75 9 50429
88 34 14035
70 81 45169
91 70 53754
36 23 986
98 94 52492
35 49 46043
69 26 48857
17 15 84015
46 97 16568
96 78 46295
73 30 90206
30 22 36341
15 91 72504
41 48 63219
43 4 86228
46 12 91265
4 43 49339
58 37 63649
64 35 39325
11 68 85330
3 18 45999
93 40 11972
