100 100 3000
32 92 70316
32 22 69940
73 50 69253
12 52 51864
10 2 66394
5 85 32962
75 2 47157
23 24 21554
25 79 33926
46 88 83209
87 65 46679
83 65 8076
14 73 27593
73 54 65575
70 92 23929
12 29 57113
14 60 89558
9 25 58817
85 53 68838
41 7 64585
46 46 40251
18 4 91794
90 87 35601
98 14 74647
66 69 53234
15 58 1817
49 20 54409
14 31 40026
74 79 18777
29 43 50874
4 98 94650
18 43 4487
94 68 14388
31 50 74927
74 15 40961
37 90 63549
7 97 64189
81 18 72823
91 40 58552
99 21 77983
26 23 95215
48 93 32013
8 7 62149
63 13 10767
15 48 51445
3 48 88419
98 28 62103
17 60 29039
31 63 9273
13 71 91108
75 27 89137
72 62 69313
58 26 37657
39 66 65875
16 57 25442
40 83 26219
21 45 17685
21 12 27285
78 98 91715
18 62 91021
3 75 54673
95 6 40414
92 19 77047
93 56 44379
61 71 6288
60 47 97337
81 55 34725
77 73 66027
31 44 83987
36 15 71628
92 71 46365
38 100 49411
96 90 82447
18 51 9299
89 11 43781
8 82 81885
41 16 54717
4 82 13642
62 64 58783
24 18 5044
59 65 43477
90 29 22478
25 24 89069
40 20 9528
31 7 8382
13 27 85225
83 57 68896
79 28 49150
13 72 13674
49 2 69254
90 18 80510
44 70 63062
22 81 98701
85 64 32412
60 67 51321
54 100 98598
30 10 40735
24 36 18577
94 45 41980
4 90 23833
63 17 34860
12 54 23553
7 42 34119
35 54 49386
63 11 19288
23 80 49583
43 48 64684
95 50 27595
92 10 54588
7 28 66051
50 54 70166
7 33 81766
10 16 43047
100 68 27757
84 78 9819
96 83 36017
17 58 83761
70 43 10945
76 19 93965
19 45 902
69 96 77550
9 47 92658
67 18 31090
2 42 44835
89 75 94948
23 46 6526
95 40 69572
41 44 59975
6 42 1919
49 70 29363
18 76 27761
45 15 95300
59 83 72465
6 26 46753
21 36 31248
30 41 84372
46 40 565
74 30 91495
38 40 14626
33 43 75438
20 1 24173
59 80 12925
63 45 14630
67 96 52950
96 43 69801
40 18 22349
28 79 4618
78 87 59073
12 96 25344
22 63 89619
68 70 97534
29 44 99699
7 50 5224
59 8 7184
68 12 23982
57 8 84122
45 23 45478
82 72 57432
44 84 57587
17 71 22896
65 76 20850
12 35 31041
87 73 21960
87 25 86739
28 73 5350
18 59 66107
23 70 68151
19 26 13703
86 10 67979
52 95 73444
20 38 5090
17 8 23941
59 48 33022
57 63 80390
24 12 65836
19 70 15298
88 4 50688
46 67 37954
2 41 57038
44 60 45005
63 25 97079
62 83 49113
23 88 83010
37 58 85524
81 98 7522
26 35 93768
46 65 90383
27 72 91554
42 29 22380
1 67 95355
100 9 3074
47 95 38658
12 70 55308
68 5 61446
57 23 51247
13 59 5858
59 30 63638
17 34 52076
40 32 12751
30 58 4109
26 63 85207
65 35 36308
86 50 62928
79 10 83742
33 45 7532
96 63 4404
70 48 28958
27 10 95094
45 70 92309
54 10 21453
31 81 50813
71 60 62320
77 50 34611
86 33 72452
89 55 89579
46 9 85871
68 97 9369
26 78 97621
80 90 89707
24 64 67119
33 8 84841
90 35 41438
22 73 1310
34 12 27354
55 44 76680
42 6 31622
5 56 42944
65 82 89008
35 95 75147
58 87 28842
51 6 76974
73 67 38521
7 57 45198
71 30 97804
75 17 37009
5 60 40627
60 57 25276
68 58 9921
46 80 84425
29 71 82470
51 25 52247
88 38 61276
73 62 86235
40 99 15915
17 73 29032
44 48 70602
46 11 22557
74 92 63974
97 71 34446
17 12 34728
79 67 63922
15 63 50260
94 19 99297
22 64 5002
39 7 16962
19 36 85116
66 26 78191
79 99 85361
22 87 61318
97 88 40090
88 97 70644
96 93 62175
16 8 33510
28 20 17813
52 8 30661
94 32 29745
6 64 39010
24 40 37771
74 80 62736
11 61 34598
22 28 15925
19 78 22209
1 75 79094
69 35 54948
36 2 32422
55 97 27311
88 99 52992
95 3 41477
86 5 77303
71 46 60573
43 71 91809
14 80 73409
94 53 99788
33 15 75836
73 40 91273
58 51 20360
5 78 16508
8 36 60840
91 7 22136
16 92 99644
49 61 66660
33 17 67405
40 82 21587
20 69 75597
7 5 79229
4 39 68510
94 4 3247
79 6 46112
49 88 95177
76 36 71811
36 75 35190
77 35 71132
1 23 20731
87 54 45944
92 54 70939
67 61 60623
61 62 70552
70 47 2232
65 56 61335
83 100 14225
27 3 76090
10 52 2993
69 6 35424
5 22 23633
50 97 58097
49 57 96996
93 57 89842
24 23 57999
10 46 22004
58 54 97017
35 22 85456
23 27 21919
84 40 89226
79 66 20093
82 14 79010
47 11 44361
97 45 14656
82 76 7200
43 67 14059
68 41 57552
39 67 73911
68 22 48788
27 59 28976
1 57 32727
99 42 85937
59 5 95948
49 100 71173
74 60 54173
49 35 59343
2 75 55120
5 93 19734
45 12 35516
18 41 66032
30 48 45648
48 58 77014
84 22 32708
94 50 266
80 24 13026
93 10 46641
20 73 41404
96 14 90923
70 29 39551
79 42 98310
27 82 70135
51 8 36714
37 13 77116
1 19 13473
24 61 60163
38 20 15686
35 52 76131
9 19 10185
33 95 72740
61 20 33537
61 95 12055
53 10 98573
81 97 19705
39 17 89869
62 46 24174
64 66 32277
19 1 78683
2 38 68572
48 20 28463
32 77 11286
99 22 77831
44 20 79709
87 63 88468
67 46 5207
9 30 30315
85 30 26244
47 89 72740
16 96 49649
48 69 45500
71 92 11446
29 4 81620
10 65 55806
72 72 22772
60 64 31771
85 13 28974
65 92 72754
94 88 59791
58 75 31680
3 30 10029
86 64 90281
25 60 14206
74 77 89006
71 24 54743
38 54 64222
34 54 29613
3 77 55664
4 46 17093
91 43 78837
38 87 86868
51 90 55534
5 80 79844
88 83 61374
72 99 14373
15 25 59821
79 61 16808
12 83 44056
98 37 79139
41 11 66819
70 52 1213
84 58 77156
16 20 95332
3 38 34679
39 12 55207
26 93 38857
51 58 93621
89 96 56792
21 10 48448
18 90 60298
34 48 81855
13 48 23763
23 95 58441
7 52 71886
31 41 77965
40 49 89084
80 55 92953
1 99 86120
42 18 31747
57 37 67159
47 61 36436
19 90 34653
23 6 46049
44 44 57998
65 45 23447
30 94 29272
48 59 87364
16 80 93347
83 6 9183
91 11 98226
16 71 22702
10 10 77629
13 32 34018
67 48 74964
54 27 12210
93 21 8399
94 7 7306
33 79 33443
22 82 7326
55 67 47140
23 3 59501
85 90 92341
39 97 81987
29 79 9106
82 99 86831
66 89 54041
77 29 10841
49 99 92075
62 61 54399
67 42 55738
84 62 92012
21 21 82063
25 66 46859
29 97 32208
34 76 4481
70 42 34301
36 94 23259
51 38 94962
32 82 58370
2 28 25421
95 13 50468
29 82 33891
86 43 25524
9 76 67086
72 71 96038
32 51 60664
9 66 86650
28 47 35562
7 86 6909
86 60 48650
91 8 59056
11 74 64555
74 12 85849
28 94 76817
41 79 78787
11 32 25636
36 78 84585
27 65 38517
8 65 25603
49 1 87061
28 99 24896
66 59 88023
100 66 61205
98 15 43355
81 42 48923
62 50 54541
100 78 80594
47 43 30668
63 89 10052
78 11 95094
71 48 60983
98 59 14203
46 32 55135
3 40 80480
27 26 82608
19 48 99473
96 51 53806
90 11 18970
83 30 11428
50 83 50950
24 34 95485
85 85 39197
57 34 56301
66 87 76592
64 28 22874
55 9 44924
22 46 47092
18 81 81551
74 3 22926
75 72 67859
25 78 76883
16 91 66182
49 92 73537
50 38 5883
44 9 404
86 84 75192
71 15 1149
21 39 89693
67 47 60761
34 10 25178
62 23 13766
38 17 16803
64 83 94928
92 25 96391
9 33 52201
45 27 28341
83 55 17921
72 4 82771
53 62 16609
88 80 49712
66 53 22976
25 18 96794
50 34 55897
49 67 56413
7 53 23841
2 99 69528
66 88 32421
43 86 20671
14 6 99257
94 25 15853
27 66 87632
47 25 61635
56 34 35297
54 69 40185
65 36 5142
50 31 24979
89 38 39207
34 31 38429
59 95 95591
83 81 45719
9 9 77581
73 63 87086
62 33 90981
33 72 86964
43 93 57965
52 49 61855
88 17 61190
77 77 28126
68 28 86857
82 22 7037
56 95 90874
96 15 73371
21 89 1570
4 27 9218
18 86 59812
66 51 36196
7 38 3688
3 9 41998
39 21 9354
29 36 70296
62 90 56055
89 77 7429
35 57 90020
47 99 47372
97 42 74780
90 41 86965
65 20 83560
42 89 47492
59 10 28578
90 63 98008
4 79 55330
42 65 15817
66 78 65048
75 98 18079
5 19 41885
89 2 48163
23 14 99979
68 72 64900
19 7 99462
89 26 52710
77 99 31545
85 67 66699
89 23 47610
40 66 64865
74 76 25958
70 84 47174
87 20 20458
22 83 36715
31 12 49366
54 54 87712
67 84 47994
14 23 79936
57 29 69753
34 62 56186
81 15 16252
77 78 93079
44 22 89055
99 63 11268
37 64 56146
98 91 59396
33 56 75147
53 11 22786
92 49 18184
17 38 92539
97 36 60699
24 54 84763
16 35 94187
74 54 98246
25 46 85906
14 48 3740
13 88 24194
81 60 10250
31 30 59331
7 85 24266
52 17 19364
26 100 74157
57 61 29967
34 59 95015
94 78 13611
43 33 93805
10 44 64314
72 86 24096
57 4 76110
92 67 59245
46 81 10989
80 77 37531
44 46 98043
92 32 2998
1 13 67801
53 40 12240
37 52 60295
60 99 68776
2 15 95278
54 42 91984
32 26 45848
61 13 71744
89 31 69618
23 84 63708
86 17 7243
96 70 56054
64 72 15302
72 58 65557
53 95 46440
50 5 37166
2 17 35802
32 11 77548
71 55 96260
3 5 12710
1 71 8658
39 34 37540
15 76 95642
58 9 35338
71 93 26828
18 21 26923
40 73 1462
23 62 76650
16 24 30797
98 24 5629
79 49 51783
28 1 11615
55 19 31592
91 57 97647
41 40 74622
23 16 64806
93 22 75351
13 66 38094
84 80 8906
99 79 47822
37 63 3356
38 36 34863
14 33 73944
49 26 15024
73 22 91319
97 35 87839
66 11 38282
40 6 97597
24 1 92184
35 15 59923
100 44 67280
63 61 41911
53 88 24297
61 84 5734
82 30 41424
25 37 67718
21 58 37537
27 19 61369
32 85 23100
7 87 99298
20 40 1375
97 86 19365
90 20 49054
48 55 16413
33 19 51054
84 54 88519
85 88 65504
47 6 36030
19 98 30172
15 21 22746
42 71 46689
38 62 3221
17 25 7558
10 95 58250
5 30 42267
36 70 9804
22 75 95130
58 52 5353
12 76 37251
12 64 25271
29 74 46177
26 31 4788
54 93 70163
11 75 36716
34 36 74919
20 86 69512
46 29 3987
52 28 28617
24 3 84260
79 23 89832
88 39 69223
66 31 92685
88 52 31339
83 11 18804
89 47 85627
45 69 7509
27 39 50895
76 33 9617
55 74 5670
32 7 58926
26 66 34416
15 93 30735
65 14 19233
37 48 2643
47 77 79351
57 69 29596
82 80 41937
98 17 4536
63 33 54141
21 22 54515
93 6 33550
26 92 89403
60 16 85863
63 8 18675
90 64 9025
23 63 15148
23 50 99159
59 7 28696
26 44 46401
26 6 8879
89 19 13634
96 86 29591
48 39 43288
46 24 32517
20 76 38364
38 10 98925
91 78 29799
100 45 17926
27 14 18880
15 17 65606
33 81 25000
53 85 2827
52 85 22959
88 96 31701
28 26 21873
25 12 15861
62 42 1499
33 3 51583
30 75 82540
95 86 99989
48 43 4924
82 20 47550
78 83 90380
87 6 61391
72 96 61451
80 66 63582
30 84 38739
94 35 67693
56 82 67327
48 100 99425
64 46 59486
25 98 3045
58 8 44581
75 14 77504
95 73 98266
76 4 60122
22 70 21359
83 31 57543
85 41 96777
96 66 16374
80 78 41471
16 31 40129
80 25 63763
81 85 62995
55 98 97741
50 84 38255
56 5 76958
4 13 84995
66 98 28896
68 47 78917
90 95 91541
95 41 2091
34 45 94162
23 90 39805
30 34 50423
88 21 33460
33 69 50760
87 40 81050
59 44 50347
21 31 44515
14 81 45192
62 4 25895
69 64 61490
94 82 15636
60 34 24077
98 78 49414
1 87 65592
62 82 54084
72 34 42150
82 16 78636
28 64 45932
60 42 14987
29 15 25758
27 37 93019
67 60 88420
10 12 75237
6 9 98009
54 38 48565
28 39 40588
10 4 1543
96 33 27379
6 27 97467
11 44 54964
52 73 52699
12 82 19820
55 31 1276
6 20 16185
25 73 41921
68 93 43210
46 82 51890
79 63 55808
96 75 28220
47 94 97658
3 72 74488
62 18 20
75 79 82203
63 30 54352
41 32 81219
64 9 15790
17 10 57875
97 40 36329
3 31 24158
60 97 49869
93 49 33638
80 94 49465
32 88 49908
85 98 69236
56 22 32076
42 91 71058
27 40 64386
16 10 10553
81 39 94440
3 88 40153
9 20 61326
3 62 63179
96 91 30580
81 23 80137
75 59 25152
60 60 1040
70 67 7428
56 81 90300
41 35 94203
17 99 35638
28 37 30655
31 85 45182
40 35 74555
54 92 32707
29 83 27093
70 88 12799
95 25 67102
64 43 63692
12 68 59359
94 91 25554
81 54 80338
85 96 62916
66 72 14338
50 19 8991
34 90 19708
78 19 26635
44 57 72784
67 62 80677
74 57 35164
59 49 65919
97 1 69508
73 46 35264
46 51 22024
65 23 38744
42 72 42457
80 46 39817
5 97 45581
53 90 73057
20 15 44999
29 56 59943
34 46 89759
91 15 89090
63 34 51913
42 73 58929
76 93 39574
11 70 4365
79 46 22591
19 43 79256
75 7 69802
7 25 66580
75 77 99248
57 62 45572
52 36 95320
80 85 6354
7 27 26409
88 7 3429
39 32 68674
85 37 96167
67 33 50308
7 95 44876
78 72 345
37 40 78640
17 11 557
67 31 27016
94 97 62798
16 53 4221
5 91 72757
91 36 84593
55 63 8368
44 17 63418
11 85 46879
81 3 94844
57 44 63804
3 21 42187
61 67 96065
30 5 69339
16 16 95273
13 15 53167
22 54 5681
61 37 84710
44 15 32250
3 96 96457
59 24 80396
50 89 51372
39 31 48427
94 29 74767
17 16 48650
22 84 59330
30 6 49319
26 52 26605
56 74 12190
34 35 7331
42 54 21685
91 76 8130
78 78 66061
45 63 54814
34 27 57538
81 6 25025
94 52 89023
3 36 84850
31 74 39231
24 47 111
75 71 74222
96 82 74088
31 79 40623
73 55 99028
21 43 29473
98 60 3239
68 49 8476
77 87 90493
61 45 56961
66 35 74702
51 2 11365
28 24 34349
58 80 86468
32 68 82004
79 55 16636
17 20 16346
57 52 34239
21 56 64650
43 56 81873
62 43 865
59 11 12550
5 25 8876
29 14 35516
57 81 89495
57 20 30483
79 2 48925
26 29 12074
31 94 82834
27 61 58256
18 16 49992
71 87 64746
47 16 49740
61 8 53115
68 78 91940
50 86 6319
50 85 92796
6 56 90796
17 72 80053
68 91 21338
56 48 63507
17 32 38189
55 27 70379
59 54 23442
44 76 19742
95 43 43508
40 75 97292
78 4 23042
87 94 19972
31 82 40141
98 7 98156
70 18 79373
63 20 13268
61 66 83720
82 11 34531
19 58 73204
41 27 67774
58 16 20771
56 84 44814
8 49 54891
46 28 99261
38 28 71067
37 86 66133
76 29 7327
54 4 20073
5 45 62037
48 6 39179
16 48 16315
6 35 63025
45 60 83708
90 75 10067
71 45 7554
10 51 89887
10 47 30980
43 60 13764
8 45 53766
36 69 80485
50 25 52326
81 64 33793
67 51 25149
28 28 26705
92 22 38573
57 56 14537
81 63 8541
50 95 13386
91 32 75198
100 40 53278
40 67 13100
47 29 14096
4 86 86622
3 80 38513
5 46 20074
54 53 36330
11 36 60861
62 70 96850
55 66 4430
39 51 95245
42 61 93095
96 7 81658
18 57 4544
80 76 64460
22 27 68013
70 91 41979
15 55 63202
31 36 90201
44 41 38222
75 97 12046
22 14 97501
6 48 14600
99 77 6333
92 20 43473
58 2 72265
56 21 9392
97 63 90360
39 92 52449
57 50 58364
27 12 73242
70 71 69955
50 91 37453
89 90 27044
33 98 32996
38 41 8031
13 50 37272
90 98 29661
34 40 72930
41 71 97241
80 75 40886
16 1 2609
63 76 78781
90 86 84279
19 53 86789
52 84 1062
66 2 14435
42 49 28368
70 35 79938
2 24 92621
2 33 57224
1 30 52631
49 4 19580
51 65 71216
46 94 47064
21 25 7350
16 68 99615
78 60 1137
14 12 93761
11 96 27773
14 95 72794
98 13 83911
56 69 91233
51 100 12021
68 3 45933
1 10 37509
68 9 96380
31 34 39818
67 93 57626
51 92 77800
86 45 13420
90 74 48120
47 66 23502
86 62 26070
54 40 28785
51 36 7566
20 43 26998
42 33 81592
66 12 90260
51 29 92764
9 16 9134
39 42 88346
18 67 83351
48 64 58233
73 19 77416
26 81 36944
23 96 68660
14 21 53892
59 93 59223
85 38 75668
29 54 96478
76 74 35911
11 62 54456
79 75 31675
36 23 44009
8 99 90926
48 7 99178
89 22 57875
57 25 82266
70 81 96435
39 3 347
63 43 24506
100 38 7273
1 21 59312
80 19 48518
74 35 79116
99 52 83466
22 30 15895
35 48 15206
99 58 6084
12 22 25517
51 84 86780
18 42 46919
35 68 83925
98 6 77152
85 56 41767
57 15 71144
79 27 54039
98 56 87899
18 44 41559
92 91 1589
82 64 82093
48 57 79006
95 63 94124
88 60 57950
17 13 71432
58 27 70559
98 80 34142
75 64 54818
90 23 32939
2 70 87428
72 98 13204
88 11 81045
41 30 55783
21 44 18113
3 66 86097
7 3 79152
30 62 7339
66 32 37762
50 42 96990
76 7 5157
75 21 66943
23 99 32822
23 35 68378
44 18 68734
50 22 87143
47 97 9994
84 18 44780
65 75 85614
3 87 1661
82 60 90958
100 41 24224
16 26 9686
65 100 26528
61 30 6451
100 49 81223
84 32 70680
30 2 69279
84 33 41189
36 1 84877
49 66 49723
19 66 43212
26 51 21109
76 21 66484
79 45 47026
35 62 77803
53 33 24954
89 24 88519
37 70 58666
85 55 71830
86 2 33642
3 76 4313
38 75 21988
35 12 14274
7 10 24447
14 69 94741
5 98 27997
39 72 36464
69 16 44995
21 85 13537
36 38 25186
11 90 24051
74 65 49100
9 68 75558
85 24 82051
80 14 44495
18 96 80017
84 93 4221
15 18 79125
73 21 90218
34 100 20315
9 75 95215
30 67 92223
53 27 84350
76 92 79242
77 10 6734
85 86 73909
82 28 41718
13 30 72368
79 86 76504
28 75 67474
19 71 62000
87 60 72918
82 40 36981
64 76 57663
35 2 42990
36 35 1170
98 67 85153
68 30 74821
82 58 35822
4 8 90012
18 98 60024
43 68 9632
81 70 6922
21 5 75900
90 36 63802
27 38 42741
14 76 60147
87 10 99604
87 49 5996
8 81 67653
82 71 45188
14 29 84928
66 74 45868
75 37 30630
27 94 55656
16 95 81397
19 12 19610
49 60 15077
53 14 33584
100 61 99880
22 99 6677
79 53 83651
71 28 38559
100 94 81387
23 59 97255
4 69 56433
72 46 71117
13 17 39658
94 28 69099
93 64 11314
27 52 63769
60 100 81451
72 68 48137
87 90 14311
62 34 86371
58 29 86440
67 11 77196
15 3 98750
66 17 55458
13 44 43533
20 68 74080
73 45 60458
33 48 85143
59 92 85161
33 16 97078
41 52 70283
83 56 19787
99 70 70153
51 19 37861
16 88 80990
87 35 68944
96 87 37539
31 73 64580
59 26 51822
45 25 38073
50 65 73497
10 71 77848
65 86 27405
68 15 41205
73 7 7576
30 80 67837
38 47 60975
36 4 20539
28 49 47974
55 26 93858
65 63 73715
80 50 45509
89 5 36669
23 81 83113
1 3 81683
88 62 86356
44 33 38805
57 94 30244
4 36 99870
93 43 28416
4 73 95793
7 39 8461
94 65 58944
72 88 97711
50 99 69558
78 6 55397
25 85 48573
50 68 12854
26 69 85992
64 93 17877
41 1 53270
94 16 50355
64 30 27972
91 93 3502
32 81 44765
18 71 90992
59 51 35795
47 69 97555
38 4 21004
14 62 32107
44 92 53000
32 39 88293
57 6 812
40 53 83338
17 35 25577
16 9 95114
4 60 93208
77 52 56352
51 67 37235
26 16 46262
15 92 58864
9 10 71796
25 35 89911
33 5 48582
92 76 23626
7 88 27739
76 3 24031
73 90 98593
3 1 61091
65 73 33561
70 72 42083
9 87 16812
36 46 78002
63 21 93966
59 28 27420
87 11 94999
24 24 89074
44 81 36075
48 92 6302
36 77 63819
89 7 80246
94 77 19020
31 71 12883
51 56 67569
60 58 92124
22 97 12184
23 94 62534
77 18 5956
37 28 23849
70 57 70371
78 94 68434
55 82 55367
8 21 70328
27 8 64405
85 22 9418
31 6 62244
7 71 34686
20 60 87151
32 28 65446
90 24 68173
40 42 88172
24 55 23803
86 34 15227
96 98 96519
54 16 92560
23 76 96934
36 57 14106
23 79 49267
79 80 28482
61 80 67109
40 74 14102
57 43 33658
36 87 60231
95 59 40979
24 35 48278
18 99 18243
92 35 40565
38 12 36081
34 89 89120
50 66 6327
62 37 57790
21 55 17393
74 45 14445
43 72 30129
46 21 65731
95 72 98822
40 64 89599
60 72 75552
2 67 89204
50 100 81277
30 57 46818
85 73 68876
56 47 9017
34 74 21137
62 31 99336
79 69 36162
48 15 49389
27 33 38428
32 19 59874
26 17 79913
44 29 32380
67 56 72505
67 55 43749
97 18 14838
83 25 25026
100 37 86822
80 62 26557
35 56 55054
3 54 32155
99 37 62090
73 2 48820
75 84 14464
43 46 94292
38 30 2098
32 95 90741
97 53 10662
8 13 88302
62 14 93281
44 45 99714
19 31 8815
66 66 83163
74 51 81746
88 56 36294
24 98 37531
100 87 21911
24 72 70828
58 6 4740
13 78 91178
95 93 91279
27 76 78740
32 48 99554
43 64 20817
5 70 16767
75 8 74373
34 28 82731
56 49 92930
69 65 11918
23 92 53171
52 35 98905
2 30 67547
97 93 4077
23 97 80530
5 53 32340
1 55 64486
27 25 85303
42 67 34197
40 80 75320
72 67 57129
82 13 86417
8 94 61063
3 57 3485
38 16 31349
44 91 69160
99 67 73272
71 82 17817
26 28 49648
88 36 40999
44 42 51668
36 14 11187
48 42 6617
97 8 28238
75 36 43651
86 59 11184
69 18 54216
22 86 80582
96 55 29577
53 94 87654
52 60 56613
65 41 89533
56 13 99947
13 45 29885
43 14 99453
20 96 33774
2 74 52941
80 98 35784
79 29 82317
39 29 72686
16 50 88349
59 46 69133
56 94 25555
55 77 19201
37 47 19505
26 18 67603
84 11 92727
64 59 25191
20 16 49615
96 58 77401
85 81 93930
83 29 42868
35 4 40144
47 80 70453
23 47 87130
63 70 54511
46 2 44855
82 33 52814
16 84 3996
48 78 36233
47 38 10365
59 100 82721
63 12 59620
24 87 14262
50 21 96132
93 93 34620
75 16 72931
68 19 65480
15 94 7158
4 49 71481
21 38 3578
100 57 82380
17 90 2210
3 39 91815
71 75 18650
48 67 22744
19 100 70062
12 86 61851
8 35 80279
52 57 14648
91 77 69801
20 64 70812
36 76 37379
54 98 92439
50 57 7578
39 11 87567
32 14 22031
87 69 69563
16 86 3657
54 60 50032
39 64 64993
37 73 82017
64 67 73869
28 93 29528
67 27 55571
68 20 4725
95 5 86134
67 85 48636
35 76 70781
66 77 70156
56 45 3585
11 1 62477
14 24 65049
17 23 55990
70 36 11299
5 20 60971
73 88 94580
4 74 58721
28 57 91301
22 25 11224
78 35 52362
55 85 93013
93 32 90040
2 39 15297
2 100 8696
85 33 87133
9 88 6461
82 79 77977
49 50 24147
52 82 92536
56 10 68129
58 21 77693
86 47 39066
56 35 23994
30 68 98022
77 55 34610
40 85 13650
48 16 19322
27 51 21555
47 15 7373
79 5 5584
21 57 84896
86 66 77793
71 59 44511
31 4 50546
63 36 12426
31 18 90166
55 64 7263
81 90 50039
73 77 15467
32 24 1487
35 25 67576
57 33 51285
10 98 77674
81 61 68542
36 58 47174
37 24 75979
43 80 19695
81 53 1867
25 83 78799
89 69 25075
27 85 76223
75 99 91863
12 4 46039
82 73 84533
98 33 931
83 9 52320
30 37 95924
19 69 29752
97 14 1420
91 12 20811
6 24 80973
69 47 33303
19 73 65178
28 15 49670
1 2 40773
91 45 90783
39 39 92200
50 29 88891
6 19 25068
40 33 92951
39 68 97422
89 41 79769
21 18 92780
6 94 37126
65 39 67676
25 53 67667
74 24 44458
12 27 28709
36 22 12170
72 55 31
13 82 88862
40 13 55660
25 100 45823
89 17 14241
40 23 41304
51 72 78904
13 75 62704
13 31 49013
37 34 84927
24 38 23586
43 35 83944
52 52 43972
78 28 21948
51 96 14917
90 10 8209
17 57 51428
51 28 23794
20 61 31930
21 37 80499
75 55 49506
40 98 65644
5 43 52127
28 22 90003
70 49 27793
69 53 87566
37 20 13464
30 39 7706
35 39 36733
56 16 42135
51 35 31216
64 80 48457
24 92 9175
58 63 47171
70 1 15611
37 17 70379
82 50 76333
11 16 52409
59 98 64393
61 3 68018
48 1 64745
41 3 8424
85 74 18482
48 51 23968
91 67 89020
78 50 80817
93 12 27149
58 28 9440
33 100 9455
50 60 54598
79 89 46655
34 42 71782
36 20 51267
24 84 58598
54 82 42493
61 29 13645
8 2 63924
63 69 46901
88 26 90083
68 71 78221
6 11 3568
15 59 67031
82 26 76114
73 23 90420
95 52 3880
82 93 48245
80 73 77468
31 22 97796
25 38 70645
90 90 40947
81 2 32759
19 29 40500
23 48 51861
42 69 39649
14 56 9638
43 83 97767
84 61 43729
46 73 3465
42 37 57716
53 61 97139
49 58 92190
58 66 10853
52 46 46049
26 45 94053
87 53 27845
20 71 88679
8 54 83645
5 10 52852
77 12 70519
86 74 40428
16 3 87293
1 88 58574
98 48 38108
81 1 58650
97 26 81835
9 2 33738
9 56 90788
94 15 75626
5 73 37911
27 89 34932
76 73 59177
46 38 13927
36 39 17142
42 15 63528
16 46 72506
55 48 85953
71 67 47808
7 80 55918
76 86 26350
5 64 6628
95 31 66306
83 67 174
93 63 92572
3 20 28927
94 33 96814
64 48 27377
30 61 40899
15 34 82352
49 34 96452
33 77 80652
44 24 99297
29 85 21803
35 42 92050
2 87 87183
19 5 68518
85 46 43966
67 8 50898
97 2 10205
89 74 6677
4 52 47410
42 93 5921
74 38 27056
18 37 89503
23 51 76802
42 68 5090
22 4 7690
87 36 37573
8 1 70847
17 19 6999
98 65 33487
44 96 33205
58 24 9394
62 25 93843
82 53 90242
40 11 51470
55 89 61023
54 20 79707
1 84 16642
48 60 85813
77 56 52015
21 92 11691
83 70 98870
16 67 64443
42 35 44408
84 77 29018
8 46 36830
19 89 65615
90 73 82735
96 59 19782
60 4 21907
4 23 75606
73 9 56361
57 27 22913
79 34 40052
48 99 30594
20 92 22093
82 10 92103
61 86 91791
14 7 59196
75 65 71679
87 22 33754
62 15 24666
16 85 1439
10 64 15818
76 70 96676
38 26 35564
53 100 38236
31 28 52974
25 25 90908
64 17 61653
97 94 46792
60 18 46030
38 9 39512
78 43 47802
44 49 64685
72 32 93953
67 36 94655
1 72 34754
8 15 7654
2 79 83698
26 8 46685
28 33 23385
7 98 40657
45 43 61460
55 23 60034
51 20 17662
61 6 52739
51 82 28105
33 35 43852
40 86 19175
71 47 13882
6 91 50535
93 26 24644
13 68 2646
57 21 39219
52 31 54612
44 23 73536
85 57 49213
62 59 44525
4 58 65542
77 67 33872
84 13 74351
63 98 73206
35 35 15929
8 96 40900
80 23 8978
81 83 87096
71 89 81142
18 7 85427
3 18 19861
86 77 9149
73 93 73609
31 72 18556
41 73 61568
63 64 89571
30 70 54220
30 65 83984
81 36 9408
12 84 56308
28 8 40528
58 35 79227
41 68 39489
43 47 98124
67 91 2908
83 39 14758
68 69 57797
2 93 51390
37 6 67387
1 8 72911
31 39 53216
49 37 17924
5 100 35997
30 71 91960
63 23 6679
36 50 46151
24 75 58322
45 29 38827
52 87 83408
20 14 83805
31 90 93368
85 26 90909
4 64 29597
1 9 42892
18 17 49422
42 1 27454
23 58 20055
32 37 46934
85 14 22882
5 83 38857
13 39 87638
96 72 14033
84 35 84914
76 100 11246
54 74 76650
89 93 44235
60 30 77174
78 15 5190
14 42 95242
67 99 48479
69 27 51935
98 100 72686
39 26 31806
62 93 61465
85 92 54945
84 16 4631
91 44 54614
95 64 96386
32 38 55698
9 54 13395
58 42 30352
59 33 97529
98 62 5905
68 86 77450
86 18 81164
99 71 79299
82 59 46571
18 84 50649
100 88 8827
23 87 19301
99 31 12370
27 29 73836
43 8 1520
82 46 75533
27 21 56510
44 34 716
77 65 16028
41 78 56604
17 64 94649
72 63 15144
19 22 2922
52 67 16546
35 91 83133
63 79 26126
40 84 30619
20 66 59345
17 2 22193
79 37 79671
42 97 43162
35 13 81806
94 2 54565
95 75 40284
20 54 33403
2 11 61674
45 7 23493
60 63 30317
67 100 13584
40 47 87747
59 82 88148
52 2 36265
97 22 32160
16 63 68182
26 99 13090
21 67 66272
80 63 50708
52 63 96748
36 64 28832
56 2 91178
84 71 90996
21 28 11923
54 7 97842
1 51 37953
87 48 68942
95 12 55475
87 37 82788
64 13 83825
23 68 1111
22 5 61447
72 91 65987
15 43 81223
19 60 78082
27 16 99723
72 42 76370
44 85 3701
72 28 7133
40 30 88437
73 64 64973
19 75 70967
62 60 11242
34 37 10631
58 99 61128
99 68 62739
33 46 15671
70 69 3048
29 38 86599
43 11 7478
81 94 47531
64 89 62487
54 49 12827
73 42 10438
71 91 97065
20 91 73864
49 14 51421
28 77 13419
52 20 16059
25 1 35661
9 86 88580
64 95 73446
25 21 36404
47 85 25537
81 11 52035
13 2 16591
21 62 31000
26 70 90842
65 55 74593
92 73 32930
99 39 38311
92 74 95153
33 90 63861
80 70 37950
63 58 71636
69 34 14026
25 80 27102
34 2 93367
44 64 88636
23 64 26548
65 11 67479
7 40 32700
7 45 49831
85 44 83482
71 56 29242
2 60 40350
26 80 63854
72 39 34208
40 14 89719
70 62 69063
8 80 30024
12 95 72864
96 74 46993
18 25 79196
57 18 87338
39 85 82918
80 52 15204
7 100 61232
34 82 82411
55 88 50186
75 26 75084
26 9 54494
35 80 3137
57 86 96624
44 38 11274
15 100 79830
39 38 91465
33 59 90656
36 80 93072
83 27 22130
67 25 15203
85 12 8518
16 41 89812
2 19 8379
80 74 14216
24 78 84861
73 87 60878
65 10 25800
2 83 34226
45 81 55547
97 28 76656
38 1 22733
99 93 42980
42 4 74014
90 84 80414
85 7 12615
61 7 81426
37 80 86547
94 43 18195
8 42 36256
95 98 90397
47 70 48597
75 90 58639
60 66 48717
13 62 97190
19 67 36088
84 30 89725
37 41 89014
44 94 88355
53 38 12158
50 36 95922
82 67 80339
93 80 63396
68 29 1436
77 7 4902
90 48 63842
77 59 52922
91 70 57696
7 15 31470
60 95 2382
99 15 77569
73 18 55181
50 61 22133
76 37 6948
69 81 15390
48 47 52024
11 38 49863
7 2 93861
61 72 31740
21 65 86118
40 36 16430
81 62 83484
32 57 73123
21 93 22142
73 14 33587
94 96 25729
61 48 89462
71 66 30725
81 20 72398
21 88 78703
51 91 76522
62 49 75047
86 79 57065
65 71 3438
18 23 30922
95 79 28758
68 36 2569
76 64 84028
93 13 57307
66 6 78651
64 37 82842
60 89 26880
25 51 79732
48 14 64410
55 24 3851
45 86 22442
66 76 82646
45 51 50881
11 30 37373
70 44 11914
55 65 17227
76 17 17695
56 37 86116
13 87 47328
96 65 2844
90 39 51003
21 60 30423
30 81 38341
49 69 89645
10 11 82086
70 23 82963
95 8 57259
68 6 36097
77 15 69139
44 37 99453
1 79 16805
69 33 81538
44 53 42765
42 42 22458
5 94 18883
20 42 41418
25 34 93136
69 29 48003
43 36 36491
12 23 42077
97 55 68312
65 84 6235
67 13 67320
46 3 75046
4 26 3523
95 88 87915
59 91 62609
27 9 30356
92 2 95838
81 96 22520
86 85 63811
16 78 9468
100 23 42020
75 48 99420
83 24 70534
74 49 83529
7 58 43167
75 22 79322
16 43 84560
31 49 32456
32 52 228
40 25 5059
2 66 90524
22 45 82485
72 8 84946
55 95 82931
89 44 47933
24 65 78265
14 30 42452
5 42 73383
72 6 73435
14 49 21697
63 92 18399
33 26 6903
42 79 60521
70 8 24270
27 44 82844
48 26 63555
54 55 79907
90 45 98172
46 17 44506
13 41 34465
31 19 97274
41 95 37594
83 21 88875
39 83 12287
65 40 93877
48 4 59279
53 91 29764
25 90 63717
63 1 6516
86 20 71620
81 69 71710
70 56 4693
88 78 64121
68 4 86952
92 29 96501
15 23 2063
77 38 75421
2 51 46469
56 55 55609
44 89 84078
3 95 83354
94 10 93024
48 53 10414
48 13 13660
18 32 65245
48 84 67576
4 41 40820
95 39 56299
54 32 2286
15 7 82083
29 65 27126
70 78 51909
35 66 78091
91 24 20957
75 5 60673
50 39 34420
6 49 12519
4 55 97625
93 73 27317
18 89 88531
74 81 53471
2 92 71399
38 65 5728
64 33 78394
62 78 31090
62 66 19355
55 84 25087
10 29 41407
12 19 13992
52 69 80202
84 87 15356
12 12 30927
67 66 64279
3 44 54314
91 6 14087
45 45 83903
35 41 84036
39 14 68030
42 75 20736
45 66 87777
13 65 60766
22 21 1680
17 17 69832
87 67 88152
57 92 2265
97 98 92269
84 74 55381
43 62 79563
23 22 90330
15 42 52857
17 65 60481
13 36 66002
44 36 63330
17 80 66934
47 55 15146
100 81 61187
65 19 86869
21 63 95304
10 41 75437
24 63 11153
61 11 58758
78 41 89259
97 58 31700
73 4 71527
96 36 36986
66 40 5785
7 16 52451
89 79 87970
79 35 3003
4 25 20868
17 81 50812
73 44 40748
43 58 15411
47 1 10083
89 28 88385
46 7 5453
90 55 69667
28 38 25000
70 89 34557
47 100 683
69 84 93891
98 88 74747
45 16 91510
77 25 71678
4 81 27296
2 37 49107
67 50 43861
54 5 3120
91 69 77472
68 16 55981
29 53 57701
37 59 47280
62 35 25257
56 30 51285
26 86 70476
84 10 41937
84 65 81616
49 40 54485
90 68 77771
2 47 17794
23 78 12463
51 9 93661
79 14 8496
38 21 74140
14 15 1774
16 14 80385
85 2 90557
18 10 77543
39 73 68368
21 7 79630
25 93 97075
15 89 1567
18 79 57804
27 97 32453
62 27 87609
81 59 57902
39 23 20245
25 42 5951
47 45 10794
1 66 99555
49 45 87156
82 48 28441
64 78 78564
70 80 83512
12 98 68728
50 77 21076
58 41 13899
64 61 4877
46 10 38029
29 88 68780
45 44 6826
91 26 60424
25 3 55056
25 39 8131
54 84 35861
83 14 48890
79 59 17164
87 96 30558
97 67 82893
73 69 27450
66 95 98142
70 4 97259
19 88 95958
16 70 45164
51 46 4733
70 10 54587
55 61 3330
64 62 86193
57 2 13752
69 15 307
60 11 31565
27 43 72409
16 93 85113
85 50 61456
33 40 6482
98 31 59992
24 48 65306
47 49 30014
94 21 72811
91 52 72492
79 50 19068
57 95 72261
91 89 30479
51 16 70280
36 44 95141
32 73 73279
80 44 58943
62 19 66433
78 12 33215
90 9 99174
40 8 77597
90 7 81907
5 55 98425
68 33 5691
49 95 92543
29 63 62845
51 37 83958
26 12 2767
2 77 29725
58 58 98486
73 94 47686
92 61 94214
48 89 69972
89 76 20441
53 53 35764
32 58 38094
27 1 87245
100 8 71308
35 71 34184
93 7 90509
7 23 93320
2 3 2681
26 13 81996
95 99 31835
5 9 7716
71 1 7899
27 78 32890
98 35 9126
24 57 71694
76 35 60040
96 89 48764
69 89 65200
54 2 50740
54 21 49779
92 83 43188
99 53 54055
24 6 15576
11 55 48830
25 17 39362
19 27 51597
15 83 26300
63 91 57744
78 58 78744
78 81 9866
71 74 42792
43 55 54886
63 40 93610
18 78 3373
45 100 5835
54 31 32764
78 75 42650
39 35 38222
5 81 50028
40 40 51694
31 16 88888
10 48 90702
63 46 55344
50 10 23118
62 87 12385
48 66 88674
47 8 41865
79 4 60093
24 46 88270
4 12 26920
1 100 35110
20 87 88152
59 25 87143
89 89 74703
96 21 55657
31 77 53392
87 75 18453
70 87 14672
28 12 89171
74 37 6899
3 55 97686
14 37 26282
93 3 89897
22 1 99638
87 58 71328
29 98 68683
37 97 42492
53 39 2536
28 70 86884
1 90 99234
14 78 71325
3 70 58743
7 13 55742
71 19 35251
15 77 89422
70 32 73540
18 92 17791
78 71 32024
11 23 70822
10 40 22499
61 83 58160
11 76 70032
81 43 74944
79 65 5566
43 85 54265
20 72 73839
38 80 3425
61 77 71842
52 48 58910
72 48 17172
71 72 33026
41 23 21364
91 34 68454
28 6 90573
19 10 50798
70 30 77514
43 92 5549
33 78 31728
36 88 12170
19 32 51938
93 94 86024
9 34 7681
8 79 78754
85 10 63300
51 93 54228
87 52 37004
9 64 89579
5 32 30026
18 69 38287
25 45 19272
4 16 48019
40 9 11401
69 5 97714
16 7 12898
77 6 57602
6 69 99459
41 65 66731
62 74 22685
18 48 84803
70 97 91736
87 70 84367
55 93 70074
83 60 39555
12 67 87857
84 1 23009
19 52 60520
32 79 28938
92 57 96737
29 69 15049
85 15 21858
73 68 13631
3 26 93759
87 43 59598
56 93 72174
1 40 74113
30 98 9895
50 24 51232
11 31 12479
10 80 38696
59 52 95671
52 13 40377
1 32 65262
71 100 69184
77 2 45620
93 79 76084
4 75 85057
50 69 57488
100 17 37325
54 3 2084
22 52 10039
100 35 71782
41 94 81728
79 83 94074
76 56 3273
84 82 28329
93 30 36035
91 61 31934
52 12 77054
21 68 89986
12 47 61349
85 32 33507
70 2 97388
78 89 30870
81 76 94876
25 6 86321
4 7 8629
96 97 55673
7 59 64311
56 85 39226
66 75 60668
6 92 56526
12 17 43728
39 18 54396
16 29 85099
38 56 33282
7 67 42081
22 31 16743
52 50 39600
76 63 91122
60 78 93006
92 84 1947
27 47 24252
29 7 94083
59 50 43917
31 98 91651
35 29 56279
70 82 19974
61 81 45874
97 79 94550
96 77 83468
75 38 28817
47 26 76350
46 75 59679
41 100 32285
76 83 7831
43 81 10466
71 76 92661
33 83 76406
25 29 77841
22 80 23389
92 13 41470
36 72 54841
99 72 86227
100 21 44823
11 26 46189
49 53 34647
79 90 26532
80 17 10393
80 3 70708
62 51 77154
89 82 76967
81 81 99044
19 30 13243
49 24 92572
12 99 58450
22 68 61560
11 27 69762
53 23 10976
4 31 56871
8 22 71954
74 18 55831
2 35 96840
27 2 99722
78 46 79857
48 71 83953
61 89 81111
83 34 14932
85 94 6592
37 43 23353
45 57 48006
96 41 7298
41 88 6543
32 34 86784
59 42 23548
90 44 97683
25 87 94100
30 27 21059
41 60 79409
78 85 26591
97 70 28122
17 79 92901
17 76 59357
83 52 1864
91 10 46676
12 81 52731
32 18 75320
93 81 24892
61 96 83831
34 23 68600
69 83 11681
33 4 13284
49 15 27076
5 59 28259
16 11 93143
1 68 54062
90 94 85385
73 70 92983
55 17 91035
47 20 76631
66 21 68777
70 64 50346
62 36 1220
32 12 63038
71 98 50961
77 17 10027
73 31 50317
6 85 26989
45 14 87105
88 67 73904
83 18 36876
97 39 37653
34 55 87499
31 46 97486
12 2 92623
47 86 4993
24 97 87422
26 30 97766
100 72 8999
72 69 74937
62 92 91015
60 91 20839
91 28 76030
19 87 80380
27 6 75683
55 40 84937
31 67 95701
68 85 21305
2 10 76579
41 42 54253
11 9 34307
25 65 56883
25 89 76546
21 72 75614
61 9 63486
19 19 79459
47 24 65799
42 30 51146
90 100 54324
61 23 76309
2 8 498
64 71 46731
78 64 89167
1 24 24218
92 92 96500
61 27 25117
79 30 95210
67 15 68937
93 44 91134
71 5 27367
88 70 74818
14 72 20652
60 1 95481
57 98 30183
92 98 58319
75 69 97189
28 43 74888
18 68 32625
42 86 1237
54 85 58854
79 7 92736
2 65 4035
3 6 99342
50 71 55455
97 66 87209
20 52 77769
38 74 78058
35 17 86998
53 41 2869
99 64 84415
42 36 95782
48 77 45914
46 56 51460
87 15 6249
32 75 39037
71 12 59592
29 73 57570
53 24 46387
17 93 33383
27 27 98469
43 79 53448
21 70 55907
1 1 32941
29 58 28842
20 37 58010
13 23 62217
22 20 45619
10 1 92973
91 9 32095
8 97 21788
70 31 16356
96 11 33103
62 47 1128
11 4 2205
85 52 17969
42 26 50348
86 93 3525
24 68 20958
34 1 21512
65 4 88292
50 96 45202
89 88 17114
83 35 27105
57 38 42347
18 45 53952
94 85 10825
9 59 60094
33 93 62875
90 99 81726
84 7 7455
28 71 95567
87 8 61714
94 24 47610
8 51 42222
75 52 52832
100 64 19338
99 94 88560
80 4 46189
39 61 15508
14 10 47368
75 25 51227
26 39 14111
10 99 68392
44 66 4896
42 59 34491
30 21 21427
83 97 10460
64 98 48152
92 36 97376
30 42 5772
5 31 15929
33 9 8063
80 28 33146
87 83 54873
89 45 59745
21 95 47047
45 6 18888
6 40 81420
33 49 75857
26 41 87483
25 49 5327
29 96 76702
73 30 89783
95 66 30850
28 54 78312
55 57 3655
100 29 95320
16 28 37644
3 7 35762
80 97 27570
5 23 57721
73 57 6591
93 72 37758
100 28 25560
54 19 81246
98 79 78511
97 72 41201
86 31 31969
17 89 19995
28 69 90623
8 39 50411
21 76 121
52 39 61213
56 77 76954
63 35 62774
62 88 34494
56 87 91689
78 66 75784
98 97 22664
79 47 73900
55 75 52131
57 71 83961
64 69 18203
66 65 31655
68 43 94755
87 71 79159
86 67 30614
84 20 94581
10 54 26898
84 23 2539
53 58 5991
50 6 60424
70 51 56741
99 16 90561
61 76 80929
78 38 69881
35 81 33319
77 90 34239
78 53 67502
90 76 55542
99 49 26588
62 12 70937
1 77 27206
11 56 79711
67 4 80129
52 5 45764
40 77 6321
25 91 93116
99 5 80868
12 51 74347
65 93 18948
5 76 7456
22 92 70155
48 91 43766
70 75 41107
54 83 83714
49 59 48551
82 35 30847
9 55 18716
100 97 9615
77 54 35768
31 75 49944
11 66 906
58 62 55567
97 12 58813
5 2 47774
91 58 13976
68 1 20913
5 65 74090
5 68 44344
54 76 2833
53 3 48095
6 79 47363
42 74 53180
34 11 63434
76 71 58013
60 88 82751
83 23 14530
56 68 59844
31 13 81840
28 44 94698
78 29 11959
96 48 47895
52 7 82656
37 79 15232
6 38 53860
58 76 98356
90 22 68527
77 69 30147
45 20 27919
69 8 36808
55 22 10868
44 10 88072
36 65 59115
96 52 28449
95 89 62820
79 96 5630
33 76 21451
57 99 28269
98 63 52278
79 62 43717
34 53 38650
59 59 11200
32 91 14731
89 97 32806
30 99 80335
44 19 64800
43 91 97880
71 16 10728
26 79 26167
49 19 85641
6 32 49968
47 72 14750
39 50 1020
45 64 67051
30 56 97609
13 86 84385
69 75 18069
3 35 68995
39 10 87559
89 64 82720
77 94 98078
67 88 23360
71 52 76158
56 53 44614
13 38 13443
100 59 92031
4 44 63728
14 67 56632
45 91 29849
24 7 82306
82 8 12799
30 89 98660
95 29 84261
83 68 85309
95 54 24074
2 50 35573
74 11 48083
47 30 97135
35 74 49898
44 35 8902
45 83 33570
11 49 76673
