100 100 300
10 46 86542
74 40 5021
15 96 1451
3 1 97198
68 58 52426
25 2 7142
28 75 21524
76 19 3297
58 56 71344
71 19 45151
71 50 98395
44 33 22807
91 31 96079
64 81 22623
17 79 16552
74 65 87920
58 22 45136
4 50 36
64 88 63412
76 6 78899
21 68 53017
50 73 14949
99 96 14014
37 99 95311
53 24 79844
88 17 37583
92 46 48291
30 91 15965
9 65 32390
93 95 36935
11 84 97142
52 47 71673
22 85 28219
68 28 56579
26 59 46658
90 62 96665
37 86 75909
74 48 28141
18 28 36327
26 1 50105
94 47 14228
28 8 35256
24 10 18897
92 65 18356
13 25 66701
50 58 5030
20 35 31408
50 52 85602
88 20 98718
60 38 99975
69 79 76967
32 55 93943
38 52 22802
19 1 20912
68 12 26569
55 33 23559
63 70 88229
6 69 73452
12 7 51127
41 38 85309
79 28 81039
18 86 69773
37 84 72526
37 55 24057
88 36 79607
81 38 88724
90 91 1474
45 17 281
98 61 39866
58 66 17813
25 7 65862
87 17 11208
2 50 20513
54 66 35357
86 60 35155
61 38 45407
81 5 9194
24 39 63640
3 98 21218
41 13 51427
16 79 17985
38 71 84882
18 16 53589
55 50 53849
43 75 57871
58 13 43722
36 63 28365
92 9 89428
38 94 9361
69 97 69359
65 32 76516
20 74 83073
87 67 32502
27 60 35668
36 34 25023
18 14 51572
88 26 26784
78 34 43872
64 78 77002
18 4 79504
69 24 84504
41 67 72736
66 92 27521
46 74 74726
45 32 51363
61 77 96594
89 86 68813
76 89 50505
77 45 58895
39 48 69196
44 99 45484
58 47 59010
99 1 44565
9 36 61964
87 61 85322
34 92 46760
30 49 70413
32 38 94924
97 60 79173
79 32 1470
23 62 22082
43 39 11831
6 26 5295
76 60 32681
89 64 65846
5 23 83372
9 74 29704
4 67 25414
75 34 75019
58 68 69489
68 48 78073
64 99 36715
43 50 938
41 6 27136
28 73 58414
13 29 95376
79 34 19319
25 23 8201
3 42 84614
63 58 85033
21 80 96858
67 91 15261
16 20 10758
63 25 41558
45 8 3710
75 92 60112
11 100 91734
55 31 29722
1 5 42481
73 17 20393
43 85 36400
52 100 75586
6 39 75288
58 10 40617
70 40 90836
87 88 76652
16 3 46711
91 53 81825
30 92 55076
95 97 37664
39 38 84459
66 9 50136
33 7 45494
22 48 28248
32 63 3645
100 81 41490
40 25 80650
94 23 70513
46 92 76716
42 79 5465
70 25 77498
93 60 72470
49 55 95025
90 53 80006
3 89 3612
48 18 19047
14 31 84341
84 88 84116
81 11 8043
65 68 90235
30 55 60385
78 71 74196
100 91 10573
43 9 53659
37 100 10948
45 47 84142
2 10 18865
77 60 16604
90 64 55253
67 100 30523
35 96 51387
99 86 16659
71 47 78983
69 66 30316
52 67 31344
83 49 40711
69 42 76674
93 58 84038
40 79 39752
22 8 62619
41 89 19274
90 52 8721
81 86 84075
57 24 91410
23 53 57477
95 58 66870
66 8 7373
74 28 72117
23 91 26611
67 80 78165
55 84 43085
69 80 76769
16 47 37404
43 23 63997
66 40 4970
91 7 57914
37 58 71716
13 5 59049
44 20 65989
40 83 73187
66 51 39706
16 80 59754
6 10 16264
33 79 77730
78 28 12537
72 91 85303
29 56 20971
31 73 24970
53 57 63292
14 32 9339
87 40 72184
27 50 86381
13 26 8726
33 92 67994
94 78 17660
99 28 16006
38 78 65881
5 52 85009
24 16 73862
52 56 70455
20 87 49498
77 73 60213
55 9 30210
70 43 35098
5 71 48515
11 63 17664
11 5 49998
29 42 60517
26 60 80969
18 42 89075
29 22 17089
43 18 18046
39 44 84025
69 67 86589
38 77 35157
16 35 73037
7 3 41369
10 86 76690
37 72 42128
88 94 52815
52 36 84666
50 41 43570
98 29 88789
51 66 27868
53 60 54703
69 23 89297
50 76 21728
38 96 49739
46 29 54153
66 57 61075
8 84 87939
46 50 80749
77 8 57933
22 67 68795
66 89 9754
22 77 19524
44 29 16163
100 93 29901
17 49 98669
90 69 40640
12 86 52913
57 74 10923
88 9 64895
45 49 71069
47 29 25832
46 8 33711
32 6 69745
6 73 30661
8 87 44080
80 40 24768
31 85 61698
3 93 28152
14 21 81161
28 23 55776
66 15 32755
100 3 50525
24 37 49411
20 61 63454
51 14 29525
42 78 31391
