100 100 500
51 40 53843
12 79 42508
94 45 62258
40 72 71864
10 36 35811
61 52 24979
41 96 2926
53 91 46677
72 93 22777
28 32 5456
47 32 35221
100 6 79602
21 12 65463
15 53 48784
75 70 71206
29 53 41357
54 72 35390
94 46 2313
17 41 35057
89 10 84766
12 83 37291
35 21 33992
25 31 61753
74 68 39969
90 19 26457
87 92 64906
27 32 11492
56 99 848
34 49 70937
9 94 50410
62 53 41552
70 12 1273
77 52 19868
1 11 11678
74 46 28815
68 61 49562
6 91 97986
42 37 76988
28 69 70127
99 18 44908
99 28 97047
33 76 34973
47 27 39305
80 75 24261
60 86 91733
65 22 64310
67 55 4591
89 41 839
45 58 24235
48 75 7287
33 45 13921
57 95 33176
6 39 64279
52 47 63413
2 67 5081
15 29 12254
2 80 64033
93 43 77305
48 73 54174
30 65 87254
15 54 95164
85 38 1812
29 51 86272
59 50 35041
58 6 54537
96 72 85682
62 16 9259
64 50 71806
65 18 70343
83 65 81951
20 8 3857
36 28 29170
89 54 6358
59 92 68368
79 54 12389
29 42 78982
68 1 38064
49 4 8128
25 16 67837
33 66 10564
74 100 58772
4 42 34294
21 36 63075
47 41 7403
40 45 72296
33 54 65781
87 96 87610
61 89 39017
83 13 58605
25 32 94270
80 72 76929
82 51 73565
49 50 32060
70 71 69601
77 72 3171
98 39 73284
33 24 19428
96 67 22049
38 3 69564
19 65 50359
25 73 54168
77 20 94111
76 67 28799
74 73 35521
48 89 72650
31 15 59308
47 61 36778
3 44 65497
65 4 76349
61 4 44144
56 22 74539
28 1 65333
28 42 64191
96 43 61777
45 35 42917
5 73 87028
48 40 84811
14 29 75357
3 35 95329
61 27 49695
72 82 13793
2 90 44280
59 15 50053
30 75 78450
88 57 79191
21 44 948
78 42 74249
84 87 81872
4 86 1623
25 80 13633
95 38 90525
9 21 72535
75 27 77121
7 7 25299
94 100 2691
94 92 49820
4 75 50996
72 18 69191
11 73 78099
72 73 25049
79 48 62110
19 12 85118
97 99 30672
47 21 69151
6 80 89268
84 65 89436
52 93 77270
45 50 73058
45 34 90362
61 44 65546
41 48 96118
67 32 20785
94 35 99217
66 33 66091
13 39 66721
12 34 79184
15 77 78442
77 99 37080
99 27 89405
74 75 77556
59 7 29361
50 26 22145
26 24 75104
44 4 28499
21 74 45715
69 85 34755
21 2 36956
6 24 41760
74 9 4468
13 57 99048
33 48 60561
40 68 9294
73 49 42966
83 6 75347
88 71 63437
93 52 63290
99 10 44933
39 2 59167
60 12 48087
28 91 48948
60 23 60245
72 64 27487
3 50 48861
58 26 41985
5 60 19186
84 98 25707
4 89 88780
60 50 94104
33 21 87836
97 9 39640
65 41 73074
5 95 57473
80 28 89241
35 86 96524
60 62 14324
47 97 44210
37 24 98248
28 16 31967
38 94 64838
76 27 57766
29 78 82300
99 97 78959
49 69 7889
37 67 94584
10 76 48008
23 90 92916
28 76 51324
46 57 82829
10 73 34327
90 10 46234
97 60 90730
25 24 92712
11 95 20804
35 94 40981
61 8 71080
8 74 79040
49 30 41305
50 80 85952
21 13 53083
94 95 55840
66 89 10978
50 89 10576
20 61 95811
22 74 32085
18 93 53080
5 10 76196
57 45 198
49 99 27574
56 66 66726
12 21 89143
35 88 97075
69 60 18700
11 33 91376
57 30 29002
51 73 13172
97 50 91170
16 35 76314
11 62 76326
59 33 55637
90 29 72037
89 68 90726
49 92 48647
56 13 81843
67 61 39808
61 73 42033
6 63 582
56 21 35697
49 76 66939
20 40 30628
77 64 801
41 13 57078
57 84 1144
62 24 20644
31 9 63117
18 88 28709
100 22 20423
73 85 69748
92 17 11154
69 79 83414
96 69 90401
1 40 43024
14 95 81659
29 10 12346
11 23 37702
77 12 74175
43 43 55806
9 8 41724
48 17 16496
88 64 82017
32 76 47455
67 49 30413
94 71 36398
95 32 62104
21 5 28731
25 39 20731
53 52 66109
65 12 25087
9 82 36207
10 9 46903
8 31 9644
82 7 24048
38 70 22122
23 6 67409
95 72 76462
90 59 92223
39 96 57950
65 13 70776
20 93 67837
61 48 17751
82 47 13285
46 80 5238
41 16 85464
3 14 46055
29 18 592
94 73 88450
99 4 88000
48 72 85907
22 6 55711
79 63 17095
88 69 86174
46 92 80729
64 74 6234
49 45 80345
86 33 22748
37 25 63903
59 40 50449
48 41 39275
59 24 26674
58 94 71478
5 20 74506
77 62 97564
66 92 16821
44 81 44958
77 50 55800
99 95 97475
73 95 2633
12 14 79281
51 33 79826
64 77 8211
58 24 56728
71 40 43775
56 94 18590
74 80 98762
93 50 68884
2 17 52910
37 57 97273
85 54 42908
45 49 82953
51 58 76445
55 50 56632
91 100 81042
42 24 26430
50 76 1356
88 66 57297
66 27 96783
97 83 33749
11 91 47482
55 14 60610
40 13 11101
74 66 22193
68 8 10179
84 96 38859
50 63 84245
72 80 55839
73 14 10831
89 77 89621
67 81 14066
83 52 37328
31 86 42453
79 25 75268
20 96 95390
24 74 5312
89 20 35713
18 43 61174
91 38 91001
5 93 64218
8 100 66137
41 51 89071
46 8 13640
1 6 28922
57 52 51603
22 77 80098
4 23 5652
35 25 13165
57 94 27670
83 43 34058
2 52 9462
24 88 87449
49 63 3374
93 44 11826
19 81 79230
70 50 34751
22 4 89980
17 18 68016
22 64 53229
24 36 18685
61 97 83090
85 9 92660
61 85 85160
90 83 70607
26 70 71497
54 43 36595
19 83 21365
34 3 72089
71 81 80055
84 6 5039
82 13 26135
2 36 75430
93 56 96958
99 56 51485
57 18 42140
34 58 79733
1 13 84547
26 99 50820
89 29 1931
95 52 80525
9 17 62290
37 61 32339
76 2 19511
29 61 67407
2 2 70713
6 54 68148
63 10 8809
15 83 70254
57 15 16569
8 40 60321
87 10 36050
38 20 21498
29 70 72483
62 58 83621
56 92 49468
83 44 47340
23 5 47324
75 28 42530
83 63 68179
11 94 72140
5 3 63439
92 73 11442
87 49 31524
81 37 39989
16 77 33038
71 47 57686
73 57 36176
79 74 19862
65 46 43672
35 23 93640
53 63 51569
33 7 32941
20 1 53553
34 92 45263
66 79 5877
63 1 63674
59 26 94355
49 87 71390
65 29 34964
15 30 71289
41 55 39690
62 84 19742
32 65 73238
47 70 84562
78 17 99774
43 79 48515
87 85 54255
58 3 36663
19 14 365
93 35 24747
71 42 46132
81 95 20334
93 45 16935
42 28 48364
55 85 70481
5 40 98855
13 27 27966
100 34 32455
3 70 84444
75 40 84895
97 41 96009
5 38 51984
51 56 79551
95 15 53215
44 6 84637
57 93 33014
80 12 17167
93 8 57963
40 3 69412
52 5 44793
51 6 33008
44 97 2770
68 83 19974
41 33 20902
9 3 75457
16 58 63442
27 10 26958
58 61 1878
17 61 58484
59 5 39460
67 100 91204
7 40 7643
99 43 76451
24 47 99708
86 30 85721
12 51 13670
21 32 36284
49 84 64840
80 9 53671
54 13 4271
78 33 7334
76 70 81261
72 72 99232
34 60 26595
22 41 74315
56 47 19427
47 3 91887
52 8 2990
96 7 29945
28 44 40098
39 37 30622
79 15 67
77 40 17897
31 12 35919
