100 100 300
91 24 26686
37 32 24684
65 60 30963
25 32 23937
54 32 49118
59 77 35741
45 79 68010
72 4 70666
95 98 75241
35 51 88262
72 39 88252
55 93 78783
11 39 89342
27 50 72898
1 26 29290
5 2 72584
85 48 73359
16 55 80225
25 85 3212
93 72 64745
95 24 12193
41 57 78247
50 6 33933
71 5 40585
85 99 86036
54 88 92045
45 58 41583
98 80 54752
52 90 54724
68 77 213
53 4 33630
69 22 64421
29 83 50946
98 34 52825
24 4 21402
98 11 38565
34 24 42604
87 77 75906
59 80 39005
29 82 79873
84 25 69845
6 64 4118
81 21 80048
48 98 72132
59 13 66220
9 8 98092
49 27 22731
26 13 19954
36 50 48244
51 44 77672
9 34 26679
15 31 67751
22 39 38967
97 55 55260
61 57 5336
90 21 58601
32 83 7670
90 95 23187
19 97 38320
93 60 67708
87 31 54567
9 24 20901
97 32 77135
70 28 17421
31 95 56979
94 35 63764
51 41 7502
81 55 66553
46 52 10849
6 14 15798
98 52 41582
27 48 83722
4 35 74745
89 49 96178
2 81 98060
78 32 21939
53 13 87454
92 36 30113
39 92 63688
27 87 82554
65 35 19516
31 5 59040
100 25 69266
97 17 55035
57 21 83104
8 72 63528
45 23 96024
62 49 22499
65 83 16071
82 31 78898
17 14 91036
8 94 17576
72 36 1575
1 46 60108
59 63 78880
13 1 12551
23 66 8489
88 7 3429
10 45 49860
91 86 49865
65 51 39191
30 10 13324
92 17 3697
56 53 64440
72 79 19936
70 7 52503
10 80 27758
21 45 18447
11 86 70796
29 25 13979
17 38 3420
100 94 38294
77 48 46943
44 95 94147
96 51 40955
63 85 98254
10 49 1425
72 61 75184
17 53 7567
41 24 75970
23 88 48936
36 10 75040
60 24 88318
12 34 89622
96 67 78604
54 64 68531
44 15 88044
39 15 32365
30 65 69646
12 84 60358
32 99 97445
83 29 33674
48 92 87
86 64 94872
66 30 14780
68 4 81293
54 65 23597
72 59 84559
11 53 71218
89 40 93458
73 46 9140
98 98 22175
43 87 83332
3 52 35562
46 98 10026
14 45 77843
48 100 37836
90 31 38741
95 67 63380
43 73 53759
28 96 14659
9 7 871
71 29 92353
90 91 33681
95 68 79555
12 45 36728
14 44 56137
53 65 74712
66 12 30385
57 79 94579
87 81 68510
35 25 93143
76 67 44473
12 61 17994
47 64 2306
22 62 96898
70 47 54725
15 50 19838
61 64 43822
72 68 91296
88 35 18538
17 90 3140
90 42 94508
8 83 94178
100 72 18722
7 82 39149
75 92 83526
26 59 85122
25 11 14195
33 80 28235
65 71 13599
60 98 5289
49 28 34912
94 55 39542
42 69 4173
60 62 89671
80 37 31382
52 89 41295
86 17 33870
89 41 52077
95 94 93091
71 23 683
51 3 20647
93 6 17311
50 54 25415
81 68 88517
88 43 20446
22 87 83698
3 53 97467
43 55 35006
39 69 40684
45 69 77451
79 90 18201
25 50 23883
35 30 47942
87 15 68267
67 47 60353
11 58 86481
60 56 70866
80 40 65001
81 15 32467
66 9 61341
37 35 70479
7 20 42473
34 1 48706
47 84 31365
77 43 58237
25 46 33636
9 65 24049
40 82 3397
23 98 18440
53 6 51905
48 18 60295
66 50 8226
67 6 77327
86 1 56187
31 97 86423
81 92 13239
20 62 40477
65 56 82596
65 93 27634
15 27 82361
90 56 52732
5 67 77207
31 58 72674
9 22 18032
82 52 11796
77 55 25252
32 18 41067
71 55 71454
14 23 53512
64 87 33067
83 16 92592
24 14 35675
82 8 60147
48 29 29894
83 47 81579
89 9 30698
71 97 37763
45 73 1524
40 16 4105
66 75 72351
56 69 40757
7 87 85800
100 7 27740
81 24 61938
66 14 24040
94 90 9592
2 2 40844
26 26 41825
83 39 40921
86 53 69444
18 27 33350
27 2 52935
43 88 6315
24 23 28190
80 100 23916
95 40 28313
59 57 81838
4 1 61735
86 26 97293
33 8 32029
71 40 25129
83 53 12438
89 6 68415
14 92 20178
27 72 24605
33 93 4074
75 28 81802
99 49 43010
7 100 20184
94 84 6942
47 94 81969
53 8 20627
4 11 54893
3 38 47558
51 30 14656
42 50 7214
82 69 53529
71 75 56221
67 96 64587
36 14 32865
80 61 8613
14 91 12962
6 48 59905
3 58 48231
83 33 65640
34 13 93580
32 40 28900
16 21 73235
