100 100 500
71 57 45902
29 99 82980
60 43 59579
69 66 87220
64 71 30300
97 3 98732
7 41 19597
66 84 25497
63 50 26989
80 15 27383
75 99 55
20 2 19629
28 52 26449
7 69 71654
67 78 96559
2 6 48709
54 12 33629
65 74 53931
18 36 29364
17 18 68006
23 16 6651
86 32 8505
64 56 4484
58 28 43931
13 44 14887
15 100 83849
38 68 76850
90 24 90979
55 16 1710
67 65 51466
9 86 43780
66 82 14560
79 97 43949
53 17 55477
80 1 59091
99 5 29038
39 64 90442
78 82 5533
10 47 30084
72 96 71665
82 65 14104
20 54 62230
37 31 83711
58 85 59388
46 84 79474
33 97 82883
51 93 28809
4 93 98066
92 90 74559
20 70 58225
31 68 25556
10 48 42085
74 76 88265
17 50 89169
86 3 2967
42 76 43684
61 27 98657
95 58 2921
92 5 80099
45 21 98596
32 47 50665
46 95 56504
81 68 94882
12 97 68639
44 42 58804
66 74 69428
75 23 50764
49 91 43802
54 27 1996
39 88 13733
86 50 64294
10 84 47979
48 50 77715
34 58 51413
5 21 69333
15 69 12766
68 86 29132
55 3 93127
62 76 16989
38 29 46568
78 7 61163
44 98 80195
48 84 66309
31 23 99440
2 52 62701
66 7 23354
71 45 77624
79 89 15520
22 68 81984
42 81 85373
62 97 1316
65 22 28848
13 25 21732
39 41 75121
22 53 14230
70 40 43648
17 23 55559
9 36 53553
23 17 6412
44 87 51078
86 21 14440
69 39 83117
50 46 59374
65 63 60714
1 58 69594
48 99 82669
43 59 38000
89 14 16991
32 63 95828
83 44 40973
6 65 4922
70 67 32065
82 79 15366
99 43 60848
59 94 47348
15 79 16141
36 97 75254
2 86 3492
39 45 63204
88 30 96776
27 96 12101
33 38 50694
88 85 19077
1 62 46004
98 9 63562
47 65 57407
7 24 93966
45 60 27937
47 14 99735
80 27 4544
47 40 36732
87 86 77770
23 2 52739
7 7 65068
15 65 43608
73 62 40198
45 51 51403
26 42 70442
6 49 12698
99 56 82472
61 64 96804
86 60 26634
69 23 99914
97 6 19429
2 69 96950
19 42 44071
93 48 52118
23 72 26548
42 3 42431
89 97 20734
92 33 11808
14 68 5334
18 63 37973
27 87 54009
39 73 12220
5 46 76763
19 59 4444
10 51 64022
61 61 83086
92 40 80808
2 74 4320
4 92 92755
33 62 74609
12 35 90766
5 10 42897
51 12 89295
18 30 44148
46 70 38850
68 67 20284
29 66 51045
41 85 53601
15 49 73450
87 9 4262
87 28 59053
59 79 69778
69 98 3151
68 25 18977
59 70 39532
32 71 91147
95 11 3705
89 92 81659
60 38 30497
68 3 66975
88 17 40737
23 90 40595
38 88 11892
69 8 22935
61 66 62234
79 95 75786
44 41 18184
76 21 8077
48 96 30064
75 70 41099
88 81 21767
2 94 20109
65 98 49947
18 57 13925
26 18 40440
31 28 72544
96 20 46577
32 32 26189
13 97 33773
61 51 41353
74 59 27971
19 11 73734
52 19 19695
23 80 2145
85 100 82500
85 91 62494
15 60 79787
92 38 7966
37 24 72426
55 70 30748
83 5 17200
17 49 58633
10 77 80788
5 6 59241
57 48 43060
85 26 48865
86 85 44888
30 53 10664
44 81 94355
45 55 67299
2 33 21036
28 64 51799
3 20 74944
52 82 62610
11 83 21262
75 3 9280
13 79 88462
86 6 44545
59 64 79921
96 25 10534
18 58 91498
37 50 79654
87 94 72861
86 99 5520
68 57 4551
53 57 77992
9 57 25638
1 11 169
54 86 29146
30 80 18518
61 34 16733
42 83 48085
44 60 52095
75 37 3468
52 18 82447
33 46 34987
6 23 70179
65 72 40753
32 44 47303
81 51 81660
43 90 21836
58 2 6626
80 95 73869
40 22 80055
53 1 26639
84 41 55248
79 80 63252
74 16 15775
34 26 50925
79 37 7113
15 63 71163
7 68 35614
4 73 94704
60 24 58726
61 91 50612
95 92 8572
81 41 87010
21 53 81738
70 61 17309
16 8 46508
35 72 33162
70 77 5124
90 44 20522
3 100 85647
33 94 87984
48 67 95366
82 90 94436
88 61 88418
49 63 73640
78 68 14656
88 72 89767
98 52 80167
82 35 37198
56 70 55906
3 70 37608
77 13 82726
75 73 70287
56 14 28012
31 34 28227
77 76 57673
28 15 18903
59 50 24468
21 78 19859
93 71 67588
45 7 98609
3 11 71562
8 78 88110
29 98 81560
94 84 88080
13 46 53553
55 5 5681
59 13 70037
37 73 74887
66 99 54774
42 30 74818
94 42 79836
14 21 30293
90 71 11408
56 90 5313
17 56 17182
98 81 14060
70 83 98532
9 56 67112
17 45 95793
16 3 25829
80 53 49246
52 5 28429
44 46 67360
87 3 90857
81 76 48392
82 69 80736
2 81 22350
13 80 50094
33 47 41639
56 3 89089
31 15 54004
97 38 70719
30 95 73425
27 49 72150
97 23 75464
100 64 34741
88 62 73109
66 48 16547
20 72 36764
72 94 76246
40 56 31129
61 75 74762
49 35 58415
67 82 16413
67 56 3786
22 90 54257
95 85 45812
22 60 45469
1 61 30061
75 96 86451
33 4 26302
46 41 13847
36 48 90480
31 89 44522
99 55 59477
24 10 90794
2 100 16377
7 17 93208
69 12 37763
76 86 65684
71 97 57052
66 41 43722
72 79 72678
52 51 77232
41 63 90076
68 87 69701
100 65 48742
4 69 78477
64 26 45715
32 25 65356
27 35 1890
71 13 80351
24 91 84382
36 9 39721
60 7 60429
93 83 27903
85 99 38680
43 47 5864
85 42 54362
74 33 31110
28 99 29550
28 68 18426
29 27 72661
38 43 35030
12 70 73679
42 66 51601
50 55 24373
96 51 32537
28 24 42873
37 79 53678
94 18 30008
4 16 66336
52 15 96034
85 68 26291
4 71 26960
24 35 93289
91 19 65511
85 14 26300
57 54 25759
37 100 45757
71 82 15612
36 40 7412
31 60 74496
1 13 55283
26 30 97146
15 24 39709
20 5 24939
60 46 63262
59 59 76344
28 39 43052
58 94 66498
46 3 79139
63 23 3403
63 47 1314
19 45 46700
33 3 77219
1 6 71509
25 89 61448
100 40 31034
83 24 59589
47 76 10570
53 70 91502
18 52 65076
73 39 84914
7 62 14415
65 45 82276
60 32 10013
11 76 9210
23 95 80749
78 57 99800
54 66 3135
94 10 55948
79 17 80351
34 49 71044
89 48 44255
41 42 3563
26 41 58562
58 97 5728
47 45 29361
73 15 75484
72 78 20993
55 1 8937
27 4 81145
3 57 28864
21 26 2957
76 75 51785
65 38 37375
77 82 35452
42 11 3440
20 96 49216
30 52 53757
61 32 11244
79 16 5372
95 30 24449
40 32 75132
36 100 31068
39 20 93736
16 4 91125
25 24 36116
9 6 38261
62 93 81245
51 28 36641
5 18 63372
92 21 73615
29 25 22051
3 2 39285
58 98 10471
35 43 55576
82 33 53811
19 96 36985
8 98 86022
98 7 79921
6 44 8511
84 43 45764
99 81 12032
55 38 30144
87 67 56449
94 89 70827
5 53 32014
72 59 30741
53 39 98979
70 59 6070
14 49 5775
99 23 16728
3 97 70242
68 60 43834
3 22 57922
100 32 30941
8 12 77841
77 53 84847
49 44 53445
25 4 40676
88 35 77303
62 23 94794
94 31 21656
84 19 88087
86 97 45322
26 11 33746
70 25 26360
84 42 68712
24 15 72361
24 76 32392
