100 100 1000
13 60 90545
20 65 52766
49 22 76709
95 21 73553
70 45 74315
83 29 16604
100 45 41801
25 54 55528
45 92 88835
23 54 76014
21 41 32355
90 27 51788
74 56 54852
49 71 52247
47 10 17195
63 66 98165
64 65 92030
63 45 37902
98 91 72144
93 5 58634
4 93 10998
34 19 32126
54 37 15345
79 48 58777
64 74 77869
43 76 96325
51 38 6910
35 71 56890
20 98 6938
88 71 16819
30 100 2290
7 15 14594
4 7 17604
69 40 2757
81 100 60050
41 83 10546
80 93 79757
86 44 36742
38 67 11426
46 24 51808
76 89 65055
28 96 73848
98 30 13530
35 88 21110
19 15 25604
35 24 37332
79 76 76959
41 36 33335
69 64 30223
91 9 85607
12 96 8733
33 36 31364
41 22 99569
62 57 92909
95 31 11333
17 36 36807
48 63 46502
6 45 98522
80 12 54337
48 48 96875
61 29 8113
5 24 91122
36 47 28257
66 63 27484
42 9 29409
88 80 74898
99 81 98181
65 94 65295
32 56 97536
12 41 52530
75 44 81455
94 71 75924
51 80 59616
40 62 62197
72 30 71303
46 99 55578
89 58 27596
84 17 52855
14 25 91183
78 12 50401
49 41 64785
50 90 16811
97 96 49694
29 46 48802
52 96 77502
34 40 34786
2 24 59331
54 94 20546
34 38 43066
50 71 92085
73 14 92731
11 99 76579
93 65 29849
92 100 49058
11 67 2174
87 87 94142
23 52 78643
81 33 5629
62 35 80856
83 77 57349
9 11 24757
59 34 64643
100 63 28913
65 9 65837
17 70 29929
92 73 6874
1 84 1072
91 43 11525
43 98 41266
81 78 18548
3 11 28534
47 70 55831
69 91 75625
40 99 41565
77 11 62218
64 52 82573
96 18 75476
4 29 19955
26 95 39416
85 39 17279
57 4 79042
36 20 99528
67 27 17428
31 19 86424
56 69 68843
39 91 30768
44 30 2143
58 68 51570
91 76 9422
63 68 22253
18 58 45185
88 70 43139
11 73 87828
93 69 90430
67 94 82754
50 66 86994
77 47 48235
59 31 88617
44 19 83857
3 6 33669
19 75 23294
84 50 19330
31 96 53018
33 35 69994
23 57 2731
91 83 11371
38 74 71419
10 61 68725
4 52 70167
68 41 89701
18 78 47881
49 9 17153
92 57 48096
84 7 98631
13 26 98866
54 25 98403
32 58 22399
56 30 85338
40 47 55734
2 90 17493
49 68 14318
55 5 76129
3 98 56699
87 18 77096
46 96 17544
55 86 95389
11 54 46622
49 12 66248
38 35 44237
88 43 41432
100 88 1067
100 31 60337
4 67 44713
74 2 41352
81 48 79800
23 49 75179
50 29 62556
40 18 50067
72 100 12362
76 2 50540
64 27 55377
54 76 76583
87 2 58790
4 74 27494
43 17 9361
30 50 74366
14 40 33285
18 91 80962
55 44 71355
21 63 47243
10 55 38183
98 7 48926
38 73 77182
20 89 45926
47 64 60441
69 28 41154
90 49 25456
1 85 91576
2 21 17696
20 23 52091
13 8 61439
68 1 92202
73 24 90207
46 95 69138
5 81 6722
84 34 97689
49 90 7565
5 92 53581
35 57 29591
72 79 4651
59 87 280
33 59 81085
63 65 99295
68 64 39773
4 8 64711
40 32 12684
71 91 71679
74 19 83496
37 9 21784
94 56 64550
50 61 82497
73 2 30478
77 63 12490
40 65 50068
18 83 83945
91 29 23894
100 4 18400
96 79 48383
29 32 91693
93 78 21600
96 3 1683
49 23 64353
22 96 29606
48 47 48559
97 58 14716
4 13 89163
14 30 37169
84 13 92705
95 93 60826
91 60 62632
86 20 30504
53 51 87687
88 12 28241
26 88 58111
70 82 5389
56 53 35354
2 7 67168
53 59 81058
39 44 1054
92 65 44091
74 15 92560
44 61 19354
32 50 5455
2 64 50634
40 24 13746
52 80 26104
69 61 5550
75 5 61885
95 66 86662
31 38 11978
30 17 70093
24 74 86603
18 11 4831
29 37 54333
95 7 54220
100 2 31686
99 42 95396
79 74 41525
87 5 63439
46 17 16492
69 16 34396
54 6 76224
33 85 42055
76 56 75355
99 4 47803
93 52 56357
72 26 17162
93 39 14151
59 42 68899
94 100 36414
73 15 59677
95 61 86630
61 70 67160
61 1 23887
38 87 82702
14 83 28348
51 2 958
40 49 77478
68 49 32874
65 93 35054
88 26 151
65 65 8198
17 9 49831
40 57 35588
51 22 29239
16 82 66340
44 28 1847
43 26 31676
31 39 77060
44 6 73822
41 70 92573
82 21 95797
22 48 15979
10 16 26227
32 68 85449
53 87 5666
32 93 32158
41 90 69752
65 28 76749
98 45 42260
16 30 49854
34 18 97667
55 99 1105
54 81 79808
26 71 13044
79 65 30887
44 25 37526
12 9 47526
3 15 84818
10 3 64623
75 68 1834
78 78 75379
2 54 70349
97 69 50888
21 76 53763
13 54 40123
19 67 54770
36 78 15750
97 12 99402
59 24 96233
95 70 37713
31 23 13573
92 55 1343
60 21 37021
25 87 50581
32 10 61590
45 27 36934
92 92 18525
1 1 10320
85 75 8182
31 28 14927
96 13 46835
37 96 31158
87 31 97907
4 73 40415
57 15 98202
96 63 14109
35 36 34202
9 70 15155
99 90 59503
83 56 98254
82 92 77845
48 19 41075
5 29 84437
84 26 9286
21 62 80729
32 84 26587
92 68 45577
51 29 24898
99 88 92162
91 8 56729
21 81 30306
31 89 82636
91 14 12201
88 40 58722
66 14 52871
10 1 49555
6 32 16862
4 97 60333
84 12 50554
31 33 92849
9 6 13752
29 4 37102
71 25 73580
81 72 68391
28 77 88074
22 44 8215
1 51 3593
88 69 2801
14 48 52224
6 97 91416
45 83 8027
10 80 68967
73 98 51138
80 2 92183
37 74 52120
25 12 43701
97 66 72465
28 97 77356
58 8 68058
62 21 96722
90 29 52637
94 7 63168
79 100 44538
43 27 65053
28 59 45091
40 85 19646
38 76 94820
2 63 77798
41 29 41627
30 98 16672
28 44 53891
43 92 19941
29 86 89425
71 59 2601
9 64 57403
31 70 212
66 82 73530
85 72 9402
92 89 43537
85 84 10634
44 93 89113
72 10 85050
74 62 11669
45 55 31988
65 60 19795
5 93 98299
75 34 99621
36 48 38909
81 23 86181
91 49 54064
59 90 81111
98 60 52736
59 71 45955
89 99 73365
61 58 46208
12 79 85324
50 59 54976
70 14 68262
100 79 97198
34 53 11387
100 46 94210
85 52 50310
49 80 49751
91 71 9668
80 52 80451
27 11 8308
9 46 31717
26 54 42587
22 40 573
58 97 91997
90 59 36105
8 59 96351
85 34 74745
12 44 21413
49 35 13814
37 18 21481
29 98 76826
69 68 79808
61 25 99484
62 56 72069
74 7 24597
99 2 69185
25 91 30613
4 70 56685
26 33 14736
75 55 36257
94 58 37688
36 73 10877
24 60 83820
58 50 54837
22 82 59281
18 33 7499
86 8 95563
41 51 31783
71 9 77816
84 84 55145
54 40 11237
69 78 61470
48 74 16518
88 37 47760
28 14 6302
24 89 41726
46 8 3011
59 83 25759
3 92 38036
27 56 81062
36 84 33208
42 20 431
90 55 76899
73 76 39659
2 81 37218
67 39 99682
46 9 2728
28 85 39372
62 81 37274
80 20 40618
20 4 59668
81 90 15384
77 44 74657
27 78 46453
30 49 23218
8 77 2949
85 60 57256
21 21 83736
34 68 46936
69 65 39195
54 92 48433
52 100 61629
19 20 9394
72 82 11142
79 58 87477
36 99 93869
32 71 10677
65 75 599
82 75 59955
61 98 35905
28 70 7279
86 19 97337
12 35 62313
96 42 68740
47 16 61715
12 84 96429
90 36 28774
95 24 20835
40 61 78076
20 93 23129
38 100 14431
57 72 26529
14 57 95706
68 51 23948
63 79 29186
53 31 51587
41 65 24857
44 29 31167
67 62 21838
9 24 6053
53 58 20748
24 14 39155
95 16 69884
44 48 67992
65 72 87931
85 76 54824
57 69 91465
5 83 49637
29 97 57380
42 22 9033
55 51 3349
80 44 51560
12 99 11631
70 92 66530
24 26 66017
94 54 97545
88 45 52429
57 25 19453
90 54 55025
53 33 93061
37 44 16735
63 73 85639
93 28 61042
62 61 18581
64 50 76291
14 66 84137
5 67 27283
30 32 44783
44 45 33896
94 3 76826
36 76 75826
25 82 71633
41 87 42408
73 80 63113
36 35 18198
22 86 16940
67 69 67937
96 96 78737
60 73 84611
5 57 93719
10 60 13311
7 89 8762
99 14 5882
66 26 65976
11 56 12805
34 79 95090
9 47 16138
29 57 5065
2 10 41578
93 14 41469
56 92 23803
9 22 12825
30 12 95768
73 68 50985
52 72 82653
74 79 89067
43 49 99083
52 91 55168
99 19 33322
56 51 124
95 45 37427
83 65 61151
48 80 36304
20 76 61494
40 27 41350
97 36 80817
5 45 61046
88 86 8976
26 74 67936
22 30 34302
81 71 88831
37 47 47315
27 28 62127
99 80 31576
92 72 8128
78 37 26903
17 5 13019
85 2 26934
35 50 68749
18 52 41747
42 32 95675
51 50 57704
70 73 19229
88 5 53442
59 94 18946
59 45 84141
15 48 62483
72 95 32997
21 16 57561
38 82 41811
26 67 61941
20 43 27041
57 67 42385
14 19 23200
100 96 78807
52 27 30639
79 42 35992
14 91 51780
33 65 15577
84 62 86064
90 12 98488
94 84 29174
26 68 53187
31 99 45767
6 7 10431
83 31 50981
81 60 52314
41 78 96689
25 28 13992
77 45 42529
79 66 5119
58 29 46048
34 61 12144
62 68 34578
17 82 64406
10 20 4714
69 12 38489
67 24 95843
46 32 84024
1 79 47926
96 74 33095
69 100 92225
85 5 7291
73 79 68818
12 67 1910
27 51 34734
61 39 98886
17 80 58526
12 53 99769
75 92 96839
14 86 72565
61 75 84766
78 82 6250
65 97 59080
24 38 26259
64 9 23164
97 2 21159
54 56 75079
67 92 91931
21 56 31277
20 96 6214
100 50 93219
70 40 46224
11 16 74704
68 70 37636
77 68 18898
59 46 80217
70 19 29648
90 91 3727
35 93 88410
48 87 54917
85 31 8971
64 88 37820
92 54 50798
57 1 8452
78 29 33760
89 96 63880
42 100 84162
33 6 43692
23 2 3645
5 79 39599
35 18 51072
54 22 66780
4 65 66528
3 89 30382
28 56 15548
89 86 55083
98 42 60197
37 68 70310
38 4 71574
76 14 63334
26 83 1572
34 5 9037
44 8 20522
74 88 46582
41 95 95189
24 18 72263
58 36 4266
55 96 69864
72 86 39977
43 90 63627
18 7 26223
54 79 5425
69 32 82972
66 10 28387
14 9 22557
6 77 7765
67 66 39641
18 45 32606
62 99 96733
57 86 62679
53 11 80480
58 51 22166
4 90 69579
56 35 22534
49 25 84797
52 99 63743
60 24 52074
18 30 95421
1 31 35529
20 60 25120
32 46 31389
93 72 69735
82 95 54630
85 10 26402
69 97 72774
20 74 63913
20 99 15893
95 3 51858
45 21 24350
72 12 5005
46 38 1610
94 36 99415
76 62 65800
85 80 11918
7 22 1858
91 17 138
27 26 55709
83 100 28835
57 78 32246
7 19 48098
74 10 76997
73 29 82572
82 49 22091
52 52 9281
63 58 32277
65 3 70092
94 28 5478
58 74 8223
80 35 42773
79 96 97418
99 36 57493
61 55 41337
94 23 78901
38 25 57430
45 3 14590
7 98 26325
82 28 2566
94 98 8334
85 99 43289
60 18 61478
16 26 28615
40 97 12220
40 80 78023
44 46 76717
32 81 94902
66 97 17267
14 43 58654
60 45 81896
53 10 6252
42 65 62762
26 69 31020
40 92 9140
58 2 75279
81 74 36389
20 72 47803
70 47 74040
75 46 21819
36 90 69657
20 73 59124
86 54 38027
15 37 37729
82 15 12274
21 74 5088
36 56 33178
37 42 34213
50 70 33992
1 66 2134
36 16 97653
71 86 69405
1 60 78163
74 41 24249
46 68 95302
64 55 60050
52 8 61761
75 4 31189
33 9 1178
67 75 43454
80 86 17065
67 38 75730
24 77 15043
33 54 22685
14 44 29395
37 85 58799
19 56 66633
55 3 87882
72 27 64619
2 89 7941
31 18 2792
89 61 97754
35 20 21611
94 78 59605
35 10 68969
17 96 7652
26 11 10444
79 94 7398
53 73 40039
89 14 284
53 34 17119
53 19 98819
47 24 54534
100 34 55160
71 41 89080
59 65 96199
29 6 5814
43 11 1139
59 48 18015
52 11 93944
97 24 57744
36 29 44283
19 48 6945
80 61 65296
89 91 59759
60 68 78127
94 27 77083
79 1 6062
4 3 62466
78 26 20067
16 25 5469
86 35 6455
49 40 15533
59 29 66323
33 83 90059
33 33 87361
51 75 31755
3 83 69065
48 97 88940
96 55 5296
35 60 99671
84 60 34987
19 34 65899
67 81 37999
4 39 76722
96 46 2647
49 20 27829
40 35 64053
95 78 16700
28 75 54902
95 95 73313
60 15 16094
76 70 85898
68 54 84673
86 55 92286
57 39 88387
22 31 33664
78 63 40737
74 21 511
18 4 7221
53 83 14370
7 21 84084
79 20 28472
17 51 78991
14 93 20292
57 46 39183
76 55 14769
41 55 37409
100 55 87771
88 59 82767
99 92 11354
54 14 19177
26 10 32346
49 99 91442
36 13 60806
57 95 72661
89 85 59744
6 16 73731
35 2 69341
46 6 67248
68 39 88346
84 28 53577
35 52 13898
48 26 55817
8 78 90455
30 5 66488
72 2 14748
73 96 1109
33 66 61918
80 38 84189
80 74 4022
80 49 32585
95 44 70860
81 56 85115
19 10 42170
80 7 70516
91 53 51040
33 14 98184
71 46 14183
8 43 54498
74 20 10689
64 53 15320
57 40 34834
98 82 33633
76 82 17283
59 15 68837
48 27 52618
2 3 16962
56 29 96454
20 80 20768
41 37 80708
15 21 43333
3 44 55475
62 87 58052
10 52 24951
13 61 23665
73 93 77694
41 45 17810
17 94 70671
15 3 81394
63 35 43720
51 28 55354
94 17 25239
83 57 1535
51 92 55142
84 82 11226
53 15 26595
48 35 49068
41 18 89041
6 70 78276
31 77 3250
13 75 29686
9 37 3223
13 40 9048
6 81 43495
11 3 32236
86 38 49049
29 76 11312
88 84 67178
31 72 24498
84 6 60674
87 99 97593
11 94 15916
83 93 81327
43 35 33306
31 3 57997
68 32 69069
70 33 91781
60 19 47899
60 53 24952
52 9 18760
76 34 86990
40 34 43225
5 64 23453
97 56 89953
45 90 10740
66 98 59711
18 56 20877
32 13 52656
17 83 29884
82 34 75008
49 79 30440
99 66 18996
76 19 91191
35 59 51621
68 35 29965
9 94 23203
83 49 58537
92 39 38912
68 20 277
4 30 24736
18 88 43218
10 97 15369
78 44 66528
90 81 62202
44 9 1199
44 84 79736
74 80 35635
8 47 23227
42 13 69736
10 95 53064
47 92 83348
27 84 36949
97 91 58383
80 84 94397
