100 100 100
50 27 92817
85 55 6693
39 85 28763
68 41 67940
56 46 5535
67 67 27337
85 51 84980
51 53 77627
52 24 56972
55 14 98918
46 12 36301
99 93 96995
49 92 22953
94 58 22390
71 24 48933
100 65 87742
58 98 81074
79 54 22961
7 89 47063
9 100 90664
30 13 2308
95 84 50108
21 67 82599
27 84 33995
29 11 90916
45 13 4833
86 21 21089
45 45 7466
28 76 68236
88 42 17123
92 31 81382
32 22 98824
19 24 26182
87 88 21302
16 96 2390
34 5 47410
53 18 84796
46 83 39356
11 7 11885
11 92 18982
35 62 45319
13 86 8779
99 72 53474
94 14 73147
19 14 22714
61 41 24896
53 41 42252
35 57 44343
39 21 43446
95 85 94263
59 69 89842
9 25 18834
95 47 92526
97 87 35084
94 12 94288
60 36 96001
80 39 21416
15 100 33416
36 91 75676
47 75 44526
33 74 53909
12 84 96775
60 22 38372
53 23 98618
85 49 84396
45 25 43200
98 76 69753
67 43 86569
83 20 34451
47 52 73315
39 46 18305
63 1 89290
85 54 93494
44 95 50646
79 6 72733
31 10 85910
20 9 64981
100 12 80101
91 49 94212
44 48 40845
67 32 27295
16 56 96439
73 73 89415
80 76 75231
43 96 52229
57 38 35575
78 66 91613
2 73 85962
68 9 53230
35 79 28757
93 75 51295
49 53 60689
82 29 16802
100 6 75182
62 84 98393
88 98 14509
72 36 51172
74 35 5247
2 10 91876
99 96 55779
