100 100 5000
88 16 60758
100 76 51190
81 53 53944
82 54 9504
64 83 57798
62 20 47192
27 56 19559
74 92 25608
92 43 63806
66 11 77187
59 91 58721
19 76 20525
99 36 14289
41 69 94643
16 75 9154
51 15 2751
36 70 81580
66 71 89111
30 26 23461
58 99 37495
72 53 33456
47 77 63112
48 80 7634
74 15 89355
25 42 86786
48 59 87293
87 77 583
47 39 87467
92 16 45655
35 15 53476
96 65 66710
91 56 17244
30 75 88822
22 28 45296
22 56 39672
93 97 28128
33 11 39730
52 35 66664
43 27 26928
19 85 40560
41 13 25987
71 66 37740
87 6 15667
45 46 49074
27 60 86262
66 26 41175
81 81 59295
12 39 62806
93 51 47982
73 35 49489
29 11 95380
29 31 19547
22 95 11822
57 43 70981
88 62 86678
39 40 69434
48 8 22925
51 23 8418
44 50 38038
85 46 14580
54 69 55824
100 64 82204
79 74 17838
7 54 14285
4 60 24673
21 66 26557
22 89 60206
57 3 35889
49 6 67622
29 52 48241
80 45 60215
5 70 77550
67 42 98628
100 84 17000
53 77 71821
6 58 59641
47 85 4735
38 64 30919
1 88 77638
17 60 47992
99 97 69356
67 50 67060
58 32 97177
40 97 58203
89 53 45178
75 70 60207
46 76 95632
9 84 90738
94 49 67307
65 28 24509
17 10 68500
78 2 4729
97 8 44177
22 25 37315
29 79 68100
8 66 93461
72 24 56638
39 81 85156
56 99 36158
100 22 14013
75 92 57210
3 11 16966
58 41 64479
34 65 18695
2 87 31446
7 63 89691
45 34 12663
29 62 30044
10 38 89643
6 17 56416
93 41 80670
33 92 6942
45 13 70448
71 61 63547
5 68 66594
34 48 7785
7 7 65922
90 42 27716
83 90 54530
32 100 24034
8 89 58134
25 7 2046
67 63 60438
33 62 15145
36 23 77210
44 8 71339
11 58 74158
26 47 35339
53 32 28835
39 34 93491
86 27 45871
43 91 7642
67 53 7841
1 74 16306
19 59 3835
16 45 16533
74 54 56896
93 45 24290
85 33 19780
59 23 85872
15 80 58362
6 100 26518
91 24 89691
34 13 71256
25 34 53011
25 100 4730
40 35 59644
20 34 12352
51 48 94693
74 34 49045
84 35 86370
25 10 50648
21 82 66986
40 71 29013
30 22 25910
68 34 16111
63 1 5150
41 58 2972
62 8 60683
19 13 37523
98 5 66750
31 14 58247
22 31 42178
57 12 71985
41 86 58079
1 83 60370
33 40 29997
67 8 98346
95 88 70098
48 79 86962
61 92 55582
93 52 93919
44 95 59960
56 93 34920
86 50 72567
13 38 50303
20 85 41162
55 19 69481
5 8 96277
100 33 72376
9 85 11865
65 75 87249
60 64 61135
9 51 76731
55 17 36055
69 12 86106
9 16 76957
20 53 79799
87 88 12689
30 81 71034
61 98 46560
63 64 28817
68 64 49113
25 89 21257
4 88 62478
11 49 56057
6 27 38630
67 22 57354
4 5 36333
70 62 74004
78 19 67737
84 80 47355
81 66 74216
89 82 94387
8 95 20176
37 94 36374
34 40 10398
93 84 66943
91 29 64145
36 90 20640
84 73 43749
71 19 45240
1 46 58533
87 84 89492
8 27 71672
89 42 55764
58 77 75407
28 43 37930
80 69 61216
54 4 84071
80 52 94939
85 56 20815
52 65 69029
48 50 14293
42 68 52918
60 50 73637
32 89 14045
72 16 44551
43 79 18113
82 97 66142
66 15 74554
53 59 43534
63 25 11535
87 93 13202
18 29 42751
42 53 64876
44 62 93838
75 51 18922
92 34 22803
77 97 17417
50 83 38301
51 51 1101
20 13 72001
49 5 6889
59 35 56543
10 11 76270
57 71 45167
63 14 99477
16 96 6382
29 49 59471
78 86 6281
56 36 32149
52 79 67805
45 41 30827
63 100 99900
68 22 79936
90 65 7043
88 35 93821
45 60 32723
30 67 92822
62 41 66881
25 95 41873
57 49 11263
37 78 35630
1 85 73484
93 90 89479
54 21 31745
72 37 80160
2 75 89324
69 69 17192
68 58 46228
75 78 49094
35 46 95767
92 46 70044
66 34 71344
17 71 32593
26 82 29094
30 78 7992
95 92 53254
1 34 37049
83 51 47732
36 59 69853
24 40 56302
40 74 90058
78 87 58176
46 44 62630
98 55 99030
82 95 51282
90 61 42753
37 100 70038
77 77 84795
21 65 67847
4 77 255
59 58 55443
3 32 89441
52 68 1718
41 4 43010
20 38 8133
46 77 29392
10 35 53047
61 18 81226
53 83 50261
41 22 28308
45 55 47108
21 81 96671
31 17 3262
46 80 53035
56 6 76447
95 73 76929
93 5 65436
92 64 18962
39 12 1419
65 21 56005
18 42 40997
86 66 90141
81 48 57597
35 58 60390
2 27 74098
64 13 21333
35 55 45917
72 29 97935
90 33 5027
21 39 53116
77 96 31713
97 63 48805
57 88 86300
22 33 24818
23 36 69668
24 34 9485
70 100 61359
27 26 37883
17 92 80347
40 22 67369
88 14 91411
81 58 72514
72 13 65663
41 42 29265
56 21 79195
8 31 52952
11 71 11643
96 74 33345
65 79 41459
60 80 30164
5 33 93749
14 27 35306
29 40 90393
15 30 60615
54 25 50430
10 37 55703
44 20 71219
24 78 30376
19 43 79348
93 30 69858
12 18 11259
12 36 65082
4 36 16556
65 4 25589
40 31 46216
36 85 24485
71 13 26398
5 96 83168
83 15 77628
38 79 84734
61 100 42781
64 53 99106
14 96 89700
91 62 9101
38 49 19099
6 67 16382
92 79 71166
75 34 48073
38 45 8877
48 24 39243
69 50 59065
44 22 69225
72 52 35281
35 24 7594
84 86 69056
1 5 22594
77 25 66808
83 91 53171
23 22 62920
51 9 79792
24 28 96717
34 96 28563
36 74 16155
77 49 67731
89 16 97472
73 37 70872
22 97 88658
75 79 18696
27 33 52917
93 89 60574
82 48 10783
33 4 24337
51 92 74924
37 12 89068
35 57 61782
95 21 16420
62 68 42556
77 45 986
87 27 65276
69 100 9691
38 53 60178
80 72 68128
90 58 64398
22 16 29338
36 43 33982
24 88 73636
79 64 58977
20 14 79279
86 4 96511
63 24 36137
89 43 47210
57 24 68586
46 34 93827
31 79 39110
52 73 54198
63 40 63205
99 46 28520
19 51 16284
45 85 10378
31 6 77759
66 72 50790
15 10 15891
39 76 47409
25 2 93053
15 25 68553
21 54 2080
22 79 36427
18 66 71569
47 67 9197
99 90 73033
41 34 46974
53 5 28521
77 27 61878
23 80 84665
57 54 82051
96 16 97024
2 25 13353
30 19 20418
24 44 24030
57 90 72499
28 90 12405
18 64 79923
51 74 66188
1 91 7053
89 100 47224
75 6 94970
84 54 40122
10 26 77912
47 89 15528
100 25 93031
58 74 47849
13 44 42473
46 60 23350
99 74 69658
60 32 93607
32 73 37132
68 32 59357
30 66 88780
12 53 62047
61 27 67071
84 1 1752
61 3 24422
14 7 77724
93 3 97678
41 77 24677
64 32 40066
37 74 45162
32 92 265
29 26 70893
72 63 85490
97 88 17245
96 54 74076
37 19 36032
57 36 10954
94 92 77849
27 24 10164
42 29 94541
36 35 62732
11 38 25016
26 38 44776
88 19 17060
17 67 35179
97 87 59158
5 40 61252
17 46 80269
81 63 66642
89 44 19298
89 41 52890
49 83 13712
37 32 25575
31 44 40936
9 76 58331
81 18 36674
23 14 40192
65 90 5498
95 54 95655
8 22 63483
16 43 57489
21 68 57834
32 33 14237
75 40 73470
19 28 50410
12 63 24541
90 88 98554
15 62 24171
75 69 55226
14 6 94584
54 29 31481
25 93 11716
58 56 98525
37 62 28753
69 37 95820
72 22 81119
14 2 65266
40 46 36904
62 79 45750
51 61 25971
97 94 87698
90 98 32070
24 22 62563
35 10 52393
99 14 28546
39 24 41075
70 31 78809
39 90 71396
84 5 88490
33 59 86442
81 1 9199
32 6 99508
29 24 27108
7 80 79248
66 27 24666
52 20 75004
2 93 72107
49 47 27076
61 93 90828
33 85 32168
64 43 80753
8 17 29189
94 38 2490
72 18 40114
9 72 35540
85 58 45544
50 32 92461
12 85 58594
1 59 59138
21 52 92878
20 88 18868
37 25 40921
81 56 3717
24 36 14749
91 89 21941
26 64 74202
46 26 45540
13 98 89010
52 100 15933
74 3 49623
3 78 85927
19 42 12226
9 49 14304
22 1 21781
79 69 18930
38 21 28381
29 13 31009
82 44 26458
28 80 58370
72 44 31135
70 70 86256
77 70 18086
42 76 20003
86 88 80637
37 82 44255
72 11 25167
62 49 76380
85 41 38856
40 20 48435
83 30 50693
84 22 5358
15 84 2182
52 69 11717
83 7 9484
24 96 51764
88 70 9241
9 92 36462
94 83 32050
98 83 90016
49 76 88764
37 2 54946
33 80 58336
1 51 26734
75 10 48101
15 59 42279
13 91 32135
88 61 11083
68 89 9711
56 42 12746
67 70 30139
38 18 28166
64 81 69569
91 82 31571
95 31 11970
78 44 84201
73 39 9792
59 71 84197
56 9 39172
23 19 92770
86 78 4417
63 58 9303
41 91 68090
28 7 54577
80 24 26937
3 63 30118
30 1 22831
94 54 19303
17 84 80330
76 92 58310
37 67 10995
43 61 15529
59 3 95010
94 7 3038
16 99 97787
76 94 57691
46 89 57406
52 71 80426
81 10 73627
68 20 6933
88 98 1022
90 25 23119
13 9 82592
3 47 30464
68 88 56179
79 1 36843
33 95 93980
4 31 25429
88 91 7349
89 98 70813
89 21 45079
34 60 58202
41 79 64487
1 76 76610
60 37 68708
93 50 13060
35 13 93714
79 87 87144
65 85 92565
29 78 41141
69 68 31743
93 81 17333
38 80 8840
99 77 1089
17 35 5404
82 47 55246
5 42 94307
36 63 89775
83 89 35437
69 77 63437
5 55 13612
55 86 31333
9 98 79517
43 19 56090
56 46 18420
65 58 79013
50 80 47003
92 59 74882
18 8 21742
85 53 37579
51 50 88540
86 31 11967
93 60 52001
73 82 7894
77 88 34409
38 30 26896
60 88 99103
66 96 75900
4 24 25086
92 93 91958
23 86 8654
2 63 97220
97 14 86229
31 63 78968
62 81 71137
57 87 12025
1 96 44849
43 31 4987
27 87 52995
79 61 23129
57 80 69788
43 7 5185
9 28 65085
82 57 27724
98 38 5294
15 20 24128
72 43 65725
66 18 97620
46 7 90997
100 61 89631
28 26 8357
77 94 79822
4 13 18294
63 73 50201
74 68 85683
20 51 32141
99 45 73841
88 5 66092
4 84 44528
4 99 28642
84 51 10089
63 51 34822
11 37 56563
37 16 3133
33 45 30236
7 44 76171
28 2 43564
84 48 93385
24 49 61526
1 66 51641
11 6 25705
28 8 17861
35 50 22745
28 93 30278
86 39 83282
97 46 46579
10 53 24782
61 83 28394
33 82 62361
77 62 60814
2 74 41478
48 29 79455
89 91 90958
79 48 89068
17 25 28002
54 44 95270
17 29 70023
69 41 8809
67 85 79959
4 20 23254
57 33 91000
50 51 57298
79 58 10218
11 44 77626
7 96 53394
8 65 8877
75 53 47629
40 92 75396
47 79 14883
35 56 11353
78 70 79449
4 78 33616
85 71 73814
38 44 69068
87 82 697
49 80 18623
50 14 70705
7 64 41240
57 39 37060
8 42 58210
46 49 98240
57 78 87540
27 98 53914
59 99 57632
76 30 13197
64 78 72373
59 25 42627
83 95 46670
95 24 5465
23 32 90039
80 56 50204
68 90 23368
5 22 55598
94 29 74409
45 67 45744
27 40 26815
58 22 98215
10 84 34425
90 48 28784
90 52 84623
6 98 73823
57 62 99781
9 35 10475
38 86 28745
80 42 92683
3 30 69545
15 29 34043
4 33 10926
50 34 90736
88 25 6239
84 38 89757
25 92 68892
21 85 39823
61 52 10282
92 76 39310
100 14 25511
27 66 93451
28 18 60759
18 73 35946
15 51 75261
92 42 29163
85 77 73779
78 71 21542
85 65 57221
12 93 6804
72 39 98710
93 2 60816
94 73 5004
57 99 81418
69 89 95913
46 3 83612
29 53 15696
100 96 97264
51 21 7538
49 46 97174
14 39 38140
18 52 5744
3 70 9036
54 6 69998
67 54 2192
63 49 5383
62 48 13672
25 15 53471
33 24 83816
35 20 63780
44 94 86640
9 23 26042
2 69 63393
56 82 53520
42 33 41817
26 21 17747
35 25 81961
16 2 37230
38 67 49346
34 23 4085
81 92 65173
34 68 16792
30 33 45646
99 9 18300
18 87 52814
85 100 76994
86 28 80797
57 68 75500
54 20 52800
98 30 81580
87 15 73805
1 81 46651
53 97 96529
25 37 9605
71 89 87007
48 27 94161
41 93 69134
80 46 91296
45 69 93101
48 32 69709
72 80 53886
79 46 89447
8 78 18433
98 94 62103
10 49 88798
17 6 66838
66 59 99963
31 58 26115
95 51 50769
84 9 30677
9 45 36663
24 73 40856
69 59 13238
23 54 5180
3 79 47275
41 49 13081
99 86 58969
65 52 67933
91 70 66109
77 3 59914
35 32 63295
12 69 96874
14 47 97032
98 39 89347
2 15 77115
95 86 29070
94 41 61174
70 65 79005
9 89 40914
79 57 55187
61 42 92645
17 69 58874
93 68 59903
80 11 36674
2 96 69902
79 30 59918
22 65 93887
85 34 93617
93 54 9029
23 1 792
36 31 28409
20 24 56673
15 46 98076
8 74 61716
46 67 36473
73 84 53103
25 74 7158
59 48 50542
54 70 42339
7 12 85043
53 75 30865
61 97 92008
43 22 96684
32 87 31390
2 81 59291
77 11 79708
39 15 54704
13 85 52257
15 40 46511
35 52 576
12 42 34359
61 73 82460
41 94 87021
15 68 67150
39 72 89789
36 68 43819
4 1 78518
14 93 55087
41 89 20788
76 4 9094
57 40 43544
67 31 96320
46 61 13056
71 14 83277
70 2 42227
18 93 49919
95 40 51731
63 23 43677
78 66 71644
41 59 39457
40 51 47773
93 12 94092
4 27 52430
33 39 72446
23 7 73367
16 28 97624
8 9 31961
60 27 72457
41 15 65594
70 81 37624
37 56 44138
60 10 64100
13 30 76528
20 80 5403
63 54 30921
57 13 76913
69 54 85866
50 71 77126
26 3 22643
40 23 40506
64 1 72399
83 83 11891
24 7 26293
39 14 33793
93 16 27932
13 59 48144
21 90 87165
65 64 98430
87 5 39874
24 54 15712
35 72 33361
86 71 23474
38 35 55351
53 93 47080
73 98 87737
15 41 98076
44 5 34928
40 18 42258
65 42 88369
33 34 48270
43 74 17226
42 15 23595
17 55 14390
54 26 35153
47 21 89399
1 18 2878
7 84 16484
68 51 5300
84 33 27906
17 87 76224
28 67 51364
70 48 95868
76 72 31964
16 33 33221
1 63 1631
38 77 64629
43 5 66602
19 20 24083
90 40 78268
44 90 62312
62 24 69980
95 83 20251
39 39 59232
82 53 12894
16 86 63060
2 5 8925
45 50 34670
57 97 4310
24 100 85265
89 38 6550
63 41 59439
63 43 71238
75 75 95141
27 6 20546
95 65 79135
74 44 58670
100 45 89585
65 84 28595
96 45 12327
47 53 33910
41 75 23888
48 93 35621
84 29 18137
17 77 48845
89 59 4502
36 58 8434
16 68 4824
41 48 4591
26 76 68400
36 53 85113
7 48 35645
12 32 57671
11 40 9967
36 32 51222
89 26 37841
74 51 31430
93 4 27967
27 29 37207
80 39 73716
98 66 94454
97 39 37690
79 100 20160
39 51 47977
48 83 93449
53 58 22381
38 27 48374
47 83 82021
40 87 97487
54 78 59840
43 20 90493
5 17 86262
27 8 42950
11 72 92319
91 1 49259
77 37 34589
35 62 11347
51 97 90337
79 96 57798
6 20 337
87 34 5568
32 76 86931
84 12 35892
26 95 30883
24 27 94841
77 32 10960
98 54 81443
27 75 17208
36 21 44005
35 68 50168
65 63 18957
21 40 25612
89 2 39005
12 95 2559
34 43 67204
55 63 96912
74 82 29556
35 97 36450
73 53 65324
61 1 98284
60 76 4489
93 71 41751
22 66 70974
75 80 75216
49 28 83548
11 3 14634
74 88 39465
25 9 35998
23 85 96681
69 39 73512
95 45 470
89 46 8239
82 100 84145
8 33 23959
80 48 11835
63 37 35880
100 86 84417
12 1 86313
61 71 26441
52 37 56275
6 50 93351
10 50 65170
88 83 94155
80 58 46494
27 52 86333
66 40 23803
36 78 79041
11 89 48217
60 1 28155
21 33 4050
88 93 64994
42 58 28333
31 95 77041
89 54 61154
19 84 9610
28 91 39502
53 64 41447
64 58 11660
38 76 67841
52 52 82686
37 91 73762
81 26 95134
76 22 5553
72 69 36825
77 64 66064
60 14 59146
88 100 66948
95 84 82620
95 95 53253
94 61 23939
50 28 62997
44 16 87958
47 30 9114
36 44 93748
25 28 25448
3 38 16454
20 41 31634
53 55 74602
30 83 24448
86 37 10621
32 58 1539
60 18 33064
39 26 73798
21 13 56560
11 69 83939
79 76 85621
91 26 59449
24 74 10975
29 73 72411
47 6 43751
56 7 96040
7 16 13085
77 43 30388
96 18 58229
72 84 41422
32 69 3538
31 84 20006
54 93 6620
70 85 36122
64 52 79894
84 28 34869
8 80 31826
28 98 15386
44 92 75018
83 23 66361
91 79 54530
31 97 28746
15 91 97885
25 58 94663
36 26 44606
55 77 17414
5 81 88550
43 25 35947
59 68 66572
83 24 38664
37 46 85390
74 20 97793
52 33 30572
100 36 17777
65 8 34985
16 40 12298
31 83 6760
69 86 21801
27 22 5752
17 1 65517
51 70 63560
14 43 91511
57 89 85554
67 2 55360
94 71 50253
20 25 16039
31 50 57237
69 11 95197
16 79 61881
60 4 51309
52 36 15471
25 18 82623
88 89 11002
24 21 47583
50 31 81146
41 56 27374
76 2 40067
13 12 48516
51 5 24462
6 83 24194
84 24 30467
33 99 48350
9 75 56735
61 30 64042
87 33 45025
40 5 88631
71 56 51622
40 83 94986
92 47 49162
1 90 45946
74 71 1621
49 69 66973
67 46 43253
78 69 52694
2 89 40615
39 86 94040
22 5 23732
63 32 36758
24 75 86585
12 24 31303
31 57 11934
34 25 19703
59 67 20239
37 55 76812
88 51 96156
33 29 48762
74 19 53465
30 82 74702
86 44 49271
99 71 4082
23 92 18398
70 56 15362
39 8 25941
46 92 67528
93 70 28416
16 85 18586
18 83 21590
40 98 25662
92 99 43980
61 99 86304
17 54 76798
78 10 75775
1 78 20744
97 90 68249
3 71 10608
11 52 73180
75 13 56036
71 41 30269
9 5 33957
90 7 99569
74 47 83961
28 32 86103
56 100 66274
95 81 614
10 43 60034
25 96 25281
79 10 13496
10 29 48738
31 45 99424
22 18 77064
37 6 75207
87 28 2419
88 52 96251
47 69 67125
23 11 72267
58 15 43656
48 69 18689
76 76 44572
41 39 52571
87 95 49789
19 80 70315
29 21 27155
6 6 67729
1 31 82892
31 26 54818
30 91 21883
73 58 85699
67 44 75058
2 52 50958
88 29 62648
74 81 93504
81 74 45669
21 93 78817
72 76 12703
66 37 4075
62 84 33642
30 4 38298
88 97 97573
7 11 92319
52 50 12462
100 81 2792
16 8 76726
18 30 3728
13 89 79676
44 37 53804
31 8 70994
32 2 59064
9 79 67366
45 71 37835
68 86 92638
12 99 67089
29 95 67147
16 23 5603
56 56 31052
84 42 64381
63 81 35812
8 62 10078
99 48 48126
23 5 96412
47 45 54024
88 24 9120
70 4 71208
58 33 28187
40 86 3696
46 4 72758
11 77 64178
38 68 15888
31 24 83050
5 24 3624
13 19 8678
93 88 95153
99 55 35504
49 98 96451
7 59 64943
43 73 56120
12 6 50780
30 55 88945
39 82 62836
2 45 44005
58 24 99018
50 38 87533
76 40 48006
30 59 92812
69 10 60211
52 40 62155
28 58 17959
83 73 83386
84 34 84882
14 78 55271
70 83 35955
90 81 14643
17 24 51181
51 86 31251
6 28 9364
51 95 96856
78 42 97951
60 85 94266
45 91 81690
30 72 1915
72 12 95728
21 83 7512
74 36 69804
61 29 81790
37 86 59345
79 37 49292
65 34 10071
29 72 42540
23 63 24666
66 2 78500
41 52 73112
43 78 19723
23 99 86592
96 8 75052
69 52 49265
44 11 42123
67 39 5060
14 99 76294
7 97 19577
50 70 91666
48 2 65527
59 43 45597
73 61 80010
48 21 95653
37 61 28093
47 51 49731
18 84 41802
58 66 58521
72 93 90687
60 8 55407
30 51 7743
8 86 10995
76 89 70956
22 45 6303
15 95 48717
35 63 85050
25 3 74316
38 38 3406
84 50 36608
52 34 99148
97 26 52824
40 44 22107
60 93 29145
88 8 5827
24 50 94881
63 21 91060
96 55 391
82 22 15193
9 55 60571
20 17 34702
39 28 23457
6 78 63985
72 32 20220
1 17 34576
98 15 92079
70 26 60658
33 69 19609
66 51 31698
80 63 58440
6 54 43912
9 32 41669
18 17 61530
61 47 90992
69 81 58477
88 54 51222
65 60 71702
80 7 29034
85 69 22808
65 86 95834
22 8 87736
54 23 36188
65 46 99463
10 8 17646
9 90 81328
74 49 84741
43 51 1922
73 95 53709
65 39 84784
46 39 2211
36 96 74264
83 65 59150
11 22 85981
84 20 75085
65 70 96584
54 82 42640
41 76 28222
80 14 69268
25 48 26690
59 5 73449
96 23 82178
93 22 69236
16 88 61767
87 81 11307
46 9 76459
85 73 24257
71 51 5139
63 94 13393
23 26 82384
80 87 63050
51 16 31365
36 27 55451
62 25 98848
5 61 20198
8 8 52117
80 30 33457
75 31 39781
20 11 22766
25 66 56143
55 66 35375
14 4 47517
64 48 53228
64 74 42580
29 9 72796
37 95 83432
87 11 37680
58 88 99838
20 60 91792
57 94 16487
92 48 94532
33 7 10749
100 26 37551
89 15 36790
98 3 65619
33 70 58581
93 8 77908
12 35 25815
99 98 22323
23 42 36254
61 58 70992
20 58 94035
34 33 67676
71 52 58716
30 100 73490
12 8 11303
98 34 34382
10 2 71388
61 10 47697
14 42 66016
95 41 54950
72 9 7652
5 38 69875
74 10 17627
60 25 78318
38 42 66068
92 7 30985
33 76 32804
92 40 34173
66 89 83561
70 90 68512
50 2 61180
5 44 95446
60 24 39672
50 100 31553
16 14 85912
91 76 42851
52 2 7830
44 75 44744
53 62 42382
16 48 80396
52 62 70373
30 54 93933
50 44 30900
85 94 76454
37 28 39601
19 34 57374
93 17 51905
65 43 64114
59 41 90611
66 29 80806
88 27 43054
71 59 64716
88 47 18875
36 20 56604
88 34 59659
27 37 16841
23 38 60486
16 49 95896
81 40 36374
31 77 75345
30 77 45223
75 23 82356
68 39 59251
57 22 33612
85 86 84529
84 21 56145
38 9 8686
41 85 30179
38 46 13160
84 68 59907
27 30 62587
12 78 81719
47 42 2378
46 66 97710
1 37 66209
28 31 91723
26 5 36385
4 25 784
29 27 3879
53 2 11478
16 3 75370
23 57 21456
76 66 80517
94 2 80827
89 60 81713
42 93 17904
81 50 57001
50 55 12313
13 87 6489
34 21 74501
41 64 31613
2 72 31126
100 73 23110
27 73 68384
91 27 20687
51 63 5495
52 46 61984
45 59 17599
39 99 7271
85 19 29263
96 19 9574
59 63 40191
44 4 43753
40 63 61029
18 81 4657
2 94 66608
4 82 56183
89 31 60580
70 43 41456
83 33 98887
87 90 8334
52 92 67546
59 66 4833
80 93 18814
56 91 14831
97 40 53148
26 41 82967
51 29 24339
46 83 47439
23 78 62302
58 46 31887
98 4 62674
56 76 14988
9 36 10642
81 51 63406
49 52 11492
41 27 55209
28 64 12073
84 44 99874
3 99 33282
39 66 86552
48 17 32258
39 55 90487
94 65 79014
67 36 50869
77 92 98314
45 40 10621
28 27 27968
95 91 31423
65 2 96744
85 89 93167
23 34 77850
44 38 97539
17 51 99596
3 49 98625
95 23 26398
44 74 24779
98 27 88853
21 49 55233
17 8 23042
87 10 5703
65 33 81455
18 22 5396
81 29 45775
42 73 58497
63 4 38674
37 54 21054
54 90 71176
17 15 59160
81 21 41399
20 43 13463
6 81 76257
79 77 7139
93 48 44456
83 29 17526
11 59 5112
56 18 55551
46 50 36402
3 98 18012
13 10 8043
58 79 89834
26 53 26463
11 20 26918
82 52 51566
50 30 42886
48 100 29439
1 29 16190
91 57 92316
43 72 23654
4 68 87863
17 18 86269
24 30 45851
87 64 56902
30 92 81814
11 11 62620
85 96 16631
16 6 90106
23 61 19078
78 38 81761
64 82 22266
26 44 61712
98 71 46440
22 70 79715
8 24 96412
85 83 51582
83 31 54558
17 49 62099
45 75 12108
18 49 41963
67 90 20122
52 94 68534
35 84 43763
84 77 1678
95 71 7010
67 79 29859
50 73 60547
30 73 32755
73 48 80108
28 79 63745
72 38 3054
44 61 49996
76 48 69961
53 8 29694
48 66 56321
91 48 54274
10 18 39241
31 59 4425
19 57 61544
86 94 40307
16 7 60265
16 11 94781
35 92 71924
96 100 57960
16 89 56084
27 27 58719
14 65 57392
32 50 34053
28 74 61986
73 68 95976
29 87 15247
68 52 13531
73 87 70867
19 2 735
42 4 88185
46 63 90382
11 17 19916
51 30 84213
60 87 63102
22 41 10986
44 17 4288
31 18 18506
15 47 54353
57 7 85142
42 56 4444
84 19 82654
20 10 26147
35 67 71765
63 74 13026
74 1 96992
70 42 29955
16 73 98530
9 70 15299
61 79 46878
71 38 71830
43 82 24279
76 47 40388
97 32 64735
24 52 69887
55 25 21545
3 39 18825
87 21 35613
98 13 62162
52 39 90298
20 64 2366
2 70 54192
80 98 25239
15 4 58777
56 14 54633
91 20 92003
92 12 37066
80 50 21641
84 31 39870
75 68 11033
19 67 40741
11 34 16078
63 99 13369
5 10 1566
7 2 95941
11 62 25130
56 60 86332
25 49 42515
33 14 16971
5 54 77
4 12 76999
66 88 1330
11 47 97437
57 38 66421
45 76 91317
57 96 24772
66 93 99311
86 63 65994
70 76 45529
8 60 38738
78 85 29242
81 36 88507
46 45 4597
75 99 77857
37 57 30060
90 14 82987
2 24 30259
4 59 18037
44 76 59900
60 96 92656
20 20 13376
63 55 35987
98 62 80436
40 89 10634
59 86 24449
48 57 16540
70 29 54249
92 58 16332
5 6 75803
38 51 84005
91 47 9000
59 100 31417
59 80 62926
38 48 85391
81 12 88564
51 43 75385
78 20 56254
65 32 38687
17 39 1796
29 46 11099
8 47 64570
60 68 28542
70 11 62594
6 52 26903
15 12 55702
48 44 28413
81 34 10711
53 48 68167
10 58 55421
96 44 83270
64 4 37030
3 4 27212
94 43 24329
97 9 41361
45 90 66013
100 16 79839
27 83 4948
98 92 43147
75 64 68130
73 49 74275
56 59 51464
20 99 5975
4 80 26588
30 38 51553
19 11 18375
86 82 72442
7 46 82653
52 80 61838
88 6 86553
16 13 91709
66 65 72054
9 43 82781
100 38 71732
54 31 73404
60 59 84067
24 84 32630
94 23 91013
6 7 37495
3 86 77203
23 27 9336
65 3 2349
24 9 79107
4 75 18226
45 64 33303
8 76 82486
33 30 4169
9 11 78816
12 25 77596
49 65 42819
99 60 63784
62 47 37922
90 85 4051
91 68 78196
64 18 86089
34 73 73935
88 73 6733
11 14 30709
51 78 49260
41 66 60926
69 44 58131
80 84 88024
66 64 47826
50 8 95285
52 67 98434
39 20 67447
27 2 45053
87 19 7230
26 8 70820
13 62 26416
21 6 87836
24 46 80791
45 16 78520
32 83 55496
42 27 44351
97 52 75827
33 20 92791
83 99 92089
56 35 68555
81 14 52617
93 55 55646
73 14 27990
92 87 84572
55 35 81042
9 13 2178
96 22 48752
44 51 12205
46 97 98436
28 70 12899
74 69 2228
99 91 12353
30 41 69325
51 65 23587
21 16 15558
84 40 39558
73 17 39882
29 17 35894
36 50 95404
84 74 37843
3 3 34196
84 58 61342
26 19 65757
16 20 90379
30 68 83650
42 63 65718
87 100 15386
69 63 83827
12 55 14123
49 8 58868
63 31 8650
49 19 87799
11 90 14855
43 65 87298
76 16 81181
91 32 27858
14 90 73105
42 1 11523
87 32 19700
94 26 15772
3 27 25808
97 30 72960
95 26 24202
63 45 24809
45 77 78039
48 12 8669
67 69 38244
99 1 30749
35 5 59911
67 72 22325
36 83 90162
76 77 404
27 76 28115
100 23 25145
59 90 23323
4 48 60191
55 85 76411
98 50 39972
7 4 63640
68 53 27637
41 54 18979
63 60 17689
60 58 80716
31 19 18654
27 67 44660
53 42 21954
1 60 83724
35 8 93631
11 83 70728
71 35 8113
56 65 41760
2 18 2963
20 93 69253
29 99 54361
25 16 63652
82 42 39428
73 21 89075
31 65 43018
3 93 26429
8 57 75620
64 75 43555
36 24 42185
83 64 55344
94 48 45196
6 49 60646
9 61 72738
73 22 39388
82 78 1356
29 77 63164
94 32 9845
89 52 52326
47 43 93773
35 29 26910
31 46 15047
87 25 93407
14 10 93063
87 61 93625
89 76 14378
31 5 51084
65 7 79859
88 21 31504
77 61 35737
2 47 65578
1 62 95752
11 33 24095
79 12 20190
27 89 424
82 98 40507
42 92 80867
17 37 51001
67 98 26073
11 4 89358
67 97 35119
22 23 9562
39 2 54905
72 50 50833
4 72 20057
75 25 52508
26 61 10619
35 70 19504
19 69 91978
57 8 47648
52 28 19181
4 41 4288
6 57 76263
62 100 42904
60 52 5654
87 85 96697
96 53 6619
90 9 26529
52 12 34722
93 33 77398
11 87 92916
87 75 73344
84 85 53384
29 14 23305
93 26 71913
98 20 8496
26 56 21147
56 72 4448
79 6 85670
100 24 44439
49 18 98293
36 17 81693
71 75 67540
7 21 88867
50 62 45108
70 95 46426
96 83 94476
67 94 50028
11 16 98353
27 91 94537
97 24 91268
92 65 88121
33 46 89404
47 24 31988
73 45 95249
89 89 93360
75 5 82411
49 1 93489
15 38 41605
91 49 69191
51 82 64543
49 42 41264
87 37 82139
7 28 6988
33 60 43142
20 68 44956
82 49 52834
63 95 3148
27 3 29493
8 59 9412
64 51 71783
10 79 60936
20 42 70985
66 25 22413
34 7 59517
19 8 4103
83 59 80142
95 34 84627
46 98 50555
34 55 86386
11 67 84615
58 60 82373
82 59 45969
8 35 79187
26 54 20660
34 44 51379
46 20 97198
23 97 52016
23 15 18059
34 94 30008
74 24 3473
28 54 90226
55 15 943
94 33 73268
86 30 23258
31 81 1958
60 69 35183
77 33 10113
1 7 89150
17 88 74685
67 4 67116
37 93 67308
4 26 42769
9 74 27313
12 79 35738
70 77 90758
61 62 3541
42 36 24328
89 40 39696
9 48 21145
18 94 31195
75 15 44822
95 17 88090
21 23 73089
20 39 4794
53 41 8258
21 14 16483
15 98 78943
52 31 47073
18 21 64366
20 78 5155
78 72 80205
79 83 43091
8 92 41459
78 68 71954
33 97 51072
38 29 23935
43 26 87917
49 12 72862
92 74 22865
13 97 31374
53 67 68499
4 65 71504
66 53 60713
55 9 73694
55 100 86403
52 96 83378
97 100 89967
59 36 17708
14 80 94607
67 84 96466
29 7 17950
29 30 82116
68 28 37447
5 2 41283
40 79 61513
96 63 52445
30 64 92629
19 98 18710
7 68 5724
34 29 31704
23 52 17710
90 16 55916
52 98 21091
74 56 99763
95 75 71412
49 90 30478
50 48 28756
84 56 84503
40 43 72567
69 4 81533
96 9 33070
61 77 32597
90 5 99245
24 55 39377
5 91 11177
6 89 74979
82 75 29260
34 2 3445
6 85 21629
55 80 79805
30 29 94106
14 55 56132
96 85 98863
15 31 33819
43 10 74239
80 73 21841
21 47 7025
78 31 90749
14 95 84648
1 93 95746
54 11 8742
38 47 37571
77 54 30499
50 35 76364
33 28 18136
43 41 66472
71 32 85467
23 29 84555
91 33 43645
61 63 37075
95 43 98939
2 9 21398
93 95 31574
67 86 96722
99 29 99389
46 32 45422
89 56 90601
9 29 80628
35 39 41853
94 72 99128
97 56 25243
46 70 17660
3 2 66198
73 30 99194
94 76 88617
96 70 92872
95 3 63559
83 18 81128
63 20 44684
73 92 99013
42 81 59224
37 97 66815
52 61 26813
81 73 9374
28 95 15563
1 14 98380
78 100 59697
87 39 55290
28 38 48242
38 65 31655
27 43 90138
72 62 24956
45 49 26066
59 70 43669
55 49 10274
57 28 30588
68 72 44319
60 11 40668
18 36 65595
31 88 15583
55 61 71961
61 19 9247
37 48 3710
72 55 26560
18 76 66930
70 6 50603
45 4 95165
46 25 47767
46 99 2887
80 80 27581
73 65 732
92 26 46152
33 17 87788
24 92 20792
89 1 73812
6 65 73074
44 21 5800
87 46 61048
84 17 68961
42 88 67492
27 1 9056
90 90 14776
10 66 17419
66 66 26482
7 24 32340
38 15 20821
6 11 40474
47 29 20321
87 29 73363
36 5 54991
40 67 76406
4 91 77616
64 99 48068
1 28 18556
73 5 86789
27 31 10900
35 90 39315
59 69 77405
51 93 86516
44 27 73778
54 99 93927
34 15 82942
11 65 18320
24 65 97399
32 85 46233
76 63 79575
45 53 18059
10 77 76292
91 11 88338
90 36 62466
19 38 6540
39 74 70862
56 26 61416
21 12 53164
90 1 64090
5 36 73082
50 97 36992
90 43 84879
56 16 35457
54 83 47384
71 92 85223
72 75 39831
85 47 73005
16 69 8072
50 27 78312
13 64 54694
13 2 49360
73 23 25910
97 5 89954
17 14 86019
79 68 76781
26 35 36941
31 94 76680
38 70 85868
7 53 23191
90 59 59698
77 91 51150
57 59 60288
100 40 45742
55 40 4941
80 100 52313
93 15 40338
66 1 37401
82 51 6126
85 79 20282
25 32 67087
70 52 34644
48 97 3084
77 13 86104
64 41 38929
98 47 57032
69 20 45237
42 84 18797
93 39 98195
35 11 48497
48 68 40629
51 89 73498
71 94 82177
96 56 92624
45 84 40597
87 83 4126
42 72 15068
23 48 80199
20 62 72855
93 36 41397
70 13 21932
55 29 14369
9 52 84669
75 54 84550
83 14 14697
60 57 27257
64 91 77736
52 77 88254
14 66 22560
38 2 82359
87 73 26110
60 6 91659
16 32 1837
68 47 62479
55 30 93070
84 15 69757
2 73 32490
65 41 18514
4 76 30841
19 92 70609
23 33 54763
37 5 9187
37 30 80716
58 27 96675
99 63 10235
1 38 53740
32 46 5053
7 1 78861
56 89 66629
48 52 66150
83 77 53541
88 86 73801
58 50 36313
57 66 92795
33 23 33733
58 53 34871
39 31 40437
88 12 91179
74 93 65078
29 42 25716
80 91 39224
44 77 65244
24 41 61717
30 96 27652
22 53 33147
80 33 12418
11 43 52238
22 92 57141
60 43 85541
78 89 86668
61 17 86756
12 86 53420
13 70 57121
13 33 76640
97 75 18607
6 55 29359
70 46 63792
78 35 78381
6 59 33339
95 97 98843
93 56 8881
30 95 65930
33 88 85516
99 94 79799
19 17 91285
27 100 94869
63 96 95896
68 48 73308
39 61 65932
44 34 94878
74 58 81074
2 71 71843
86 25 4459
68 54 93017
49 43 21964
44 35 18994
95 49 91831
16 38 45141
29 98 88489
66 97 2878
37 10 52687
88 41 5629
52 84 99467
4 34 60277
43 12 52194
2 55 26890
68 55 40751
60 29 67827
70 64 91102
16 50 46292
86 99 11184
34 54 45551
60 46 3693
80 54 56445
33 13 78748
42 79 54187
60 90 48045
91 16 57549
23 69 14156
76 73 1905
86 97 3561
3 25 78905
56 98 3485
13 66 72940
90 26 44039
58 28 77543
37 49 21311
44 80 11725
15 27 65663
34 83 30094
24 47 82316
79 60 95398
30 31 55848
13 29 71905
89 28 48706
35 81 75350
63 66 27571
100 79 84191
12 94 33278
71 43 40040
58 39 83656
26 11 22156
35 60 29842
85 7 52862
46 47 73541
82 58 61728
12 66 61884
59 95 44482
34 47 75127
37 90 99608
47 74 34660
39 35 57733
75 87 69233
13 18 45997
24 18 97448
5 73 5641
59 62 94045
67 27 29865
76 36 3805
34 79 11120
93 69 14923
62 27 991
77 81 97742
45 48 34439
33 98 2024
23 100 86833
91 97 60414
64 30 51936
100 21 26098
34 92 38468
74 40 62409
97 27 60336
54 84 15230
58 1 14687
58 67 97150
42 66 43498
51 87 21954
12 10 64099
58 83 33538
33 19 57919
76 34 44910
54 62 7290
68 74 49725
90 62 64158
71 46 45811
47 7 1
80 2 80965
24 76 4235
86 33 89901
6 69 19002
17 41 62736
75 20 37873
85 61 23932
43 9 34115
52 81 11985
2 86 40203
97 10 39853
2 12 74562
59 75 85670
38 94 25810
73 94 23018
6 66 65998
43 49 54932
74 52 45633
39 75 74041
33 47 82965
45 25 3118
86 93 64812
29 57 65643
20 28 23041
48 73 10482
55 6 68444
19 5 76998
83 28 37391
35 27 96471
42 34 6587
36 15 57477
67 80 29477
49 77 91315
45 44 59112
27 10 84753
55 16 74823
100 18 80780
65 54 3920
78 36 64054
3 40 23507
70 28 91545
44 32 1601
99 7 30346
57 77 74926
75 58 42326
59 65 72267
14 21 72454
38 83 12215
31 90 19590
67 38 94969
73 20 99480
66 63 86242
92 25 65074
7 99 69023
16 59 71161
61 14 10492
94 75 37324
79 73 36497
92 36 94483
10 83 75952
25 5 7592
82 68 69487
89 48 3283
20 74 66922
59 1 21373
6 48 64919
53 49 9681
28 61 78968
41 99 91840
36 19 12408
72 5 24302
54 71 79130
51 32 13528
32 9 79445
38 63 44662
30 52 46623
34 24 66768
62 39 74372
12 64 86729
52 44 24690
72 81 39400
32 66 46000
38 95 55644
71 29 8857
63 83 67078
94 24 46167
79 31 17257
79 45 31762
61 43 3379
29 90 55236
89 67 75711
54 7 26551
86 15 64904
84 27 98504
2 79 77305
85 11 46698
13 35 63050
66 82 85100
71 17 50007
25 73 63626
2 46 22453
40 91 80485
96 58 29071
35 31 62898
98 58 69927
77 58 51098
62 74 14176
48 7 10781
94 51 8684
34 32 87446
62 90 58504
36 34 51797
26 81 69444
97 11 89609
80 44 3935
96 66 53031
55 7 62028
42 43 31895
14 84 46971
13 50 90021
98 10 57173
49 68 20542
29 93 75119
50 68 80544
38 23 80617
29 91 10187
70 17 64562
98 7 11969
22 62 24094
97 34 69286
37 50 73687
51 68 69018
70 94 30271
39 84 96724
32 77 80528
27 85 95984
33 78 14720
6 47 81578
89 88 53246
11 12 39641
72 34 18341
50 57 26439
43 4 41854
72 77 72324
69 79 19893
68 19 59790
100 37 745
66 52 53389
27 28 95479
85 82 71900
51 4 91480
53 95 76957
66 41 85157
69 76 63410
100 7 49307
75 12 59741
97 78 2812
75 16 93627
90 82 62398
47 28 56220
32 26 99280
56 31 79623
79 23 74270
52 85 9316
51 7 99951
80 71 46466
41 45 9231
43 95 84316
74 35 45315
88 20 47596
11 15 71815
2 26 59191
15 69 20695
31 82 72854
5 83 29217
60 33 95420
85 32 40314
17 76 857
45 43 34556
76 8 18404
52 86 98711
19 12 16803
50 58 52129
47 72 34718
39 85 23569
42 14 19507
71 4 3888
13 6 45930
62 66 16968
95 78 7432
6 24 24052
7 18 19570
82 36 89832
36 73 15869
80 89 80451
29 88 54536
34 78 17584
9 77 99984
84 87 64393
94 36 19066
57 52 9798
92 21 84841
37 77 26640
19 44 46840
13 52 75887
46 78 48275
38 20 22281
61 51 75078
42 45 80790
88 28 62785
66 57 43917
62 34 16165
76 9 17675
85 43 2934
8 3 93966
70 7 59592
6 9 80124
38 17 83376
55 11 18624
53 73 33361
28 69 23010
89 95 8919
93 6 37310
24 43 17913
45 9 52521
35 44 88113
58 2 57647
9 56 39800
28 14 86731
90 96 76754
55 81 20177
62 60 57769
10 76 48281
45 26 77269
18 99 80130
79 39 56223
50 7 36471
10 41 48551
55 99 50347
49 17 78570
49 37 77636
49 84 10895
32 4 22448
83 1 37765
32 43 45026
10 45 20839
86 53 54158
7 15 15032
22 55 91392
26 65 27697
72 51 85433
52 53 89215
13 79 15624
99 88 99519
58 72 30848
2 59 71410
60 34 70529
62 93 31426
65 44 84026
56 70 69595
9 78 95184
55 32 98015
21 67 87347
57 29 92178
34 67 44474
45 61 91039
17 48 59688
47 73 640
62 6 3009
73 100 39260
20 52 28549
2 37 76418
100 94 10988
72 90 85284
46 48 7352
66 48 11606
52 6 44115
85 45 85063
91 99 37434
91 78 85005
41 41 24204
98 77 74258
47 20 99215
15 83 94317
89 71 46281
12 12 89752
44 60 77404
74 6 90309
89 58 74921
58 55 35775
2 13 54385
32 71 89277
64 95 9267
60 98 21271
14 23 56995
56 96 14105
75 36 24760
42 78 59199
39 77 6454
33 3 6767
79 41 4365
20 7 68604
85 98 22353
11 88 31289
34 82 96210
54 67 22165
9 64 34358
55 93 2399
89 72 10589
70 10 40243
84 90 56112
69 28 2776
92 13 36888
17 34 26977
51 39 42559
12 73 30689
16 42 93104
81 47 63606
35 37 22025
89 93 46316
64 19 71368
66 44 38671
53 12 12883
1 77 7493
15 61 80083
51 58 65167
58 9 60973
57 92 92979
100 72 95757
84 98 90952
21 89 42246
97 35 46118
66 5 49681
41 65 16128
85 13 27318
94 20 25460
79 28 82300
45 81 99778
68 42 32905
46 62 94297
39 23 2732
99 20 40908
82 21 15237
60 65 87561
42 97 98137
5 11 61432
71 70 57739
57 44 97365
78 1 76298
41 40 88802
26 97 58959
88 82 46
68 24 6854
41 68 88947
37 9 15913
35 64 6446
71 3 3541
31 73 47363
60 7 41588
33 31 95006
50 85 69022
9 97 51217
46 38 44135
62 40 65625
20 56 4336
15 7 84762
2 92 31236
31 12 88645
4 98 14367
49 82 36515
10 80 43281
11 82 9756
97 85 20105
81 65 83778
73 50 37908
68 65 74153
81 70 84873
26 37 83331
11 84 10989
75 65 59099
12 62 21108
22 50 86842
92 27 30001
70 12 38687
70 39 34050
29 58 97933
24 2 68975
77 42 10375
34 35 47911
86 61 66398
79 27 48307
59 84 50028
33 27 34170
25 23 46092
74 94 47905
21 64 32279
10 88 35965
47 56 21337
70 71 52710
43 77 71625
17 72 20804
61 16 55345
3 16 13682
3 13 56152
15 48 60305
18 60 82800
62 71 74720
21 69 23392
6 29 46705
3 37 55266
66 4 51411
100 70 57086
18 100 59763
14 45 66531
91 55 44861
79 32 24594
96 84 61582
83 81 51180
27 81 55331
55 34 99185
46 65 94197
33 36 77560
73 27 10881
89 7 12517
77 87 7661
1 86 9854
100 6 6160
58 92 90128
16 12 47092
56 95 90393
13 76 42022
94 59 89313
9 88 32375
66 86 51898
31 37 93758
100 57 891
66 42 8716
92 90 58067
46 81 53269
36 1 73339
81 82 13469
90 35 27312
95 46 78233
12 72 30730
29 34 63448
4 79 37521
35 61 75017
60 16 4072
53 39 98281
50 33 68677
8 39 10573
54 30 21
43 89 12745
14 28 9220
56 4 67044
91 96 18224
47 78 96166
63 12 14671
7 51 3792
8 34 74800
9 71 56009
7 58 80884
69 5 23467
97 2 59211
92 57 80315
59 42 61297
49 87 59459
57 91 41256
48 82 94985
38 32 93279
3 97 50869
24 45 97860
80 37 55064
82 82 30830
17 57 37367
59 31 48740
81 97 12804
73 80 56225
53 34 88914
93 9 27860
17 56 90753
16 46 70473
40 76 90112
3 6 76438
76 20 69398
78 81 98742
53 56 56441
99 51 13608
23 93 41380
45 20 31553
63 48 57618
56 62 20450
5 64 20961
42 50 60350
29 64 44806
70 72 56627
37 43 11497
94 25 10234
28 73 26226
78 65 51893
15 94 85825
78 7 78325
68 98 19101
80 97 46636
74 7 37701
38 25 80204
87 86 58805
52 88 49918
65 26 59911
10 97 7438
41 51 13857
32 30 22631
7 34 87978
1 64 37300
20 54 91205
54 18 68968
97 62 59871
63 30 87833
31 80 51743
30 57 15374
30 8 12713
71 99 7527
2 99 67220
58 36 98334
79 19 58927
45 29 76990
8 100 37072
27 82 57711
63 36 12035
27 23 59281
15 42 3312
7 87 1431
57 45 76815
55 39 37190
23 50 19624
74 11 11427
80 60 82532
48 54 3781
11 48 8890
73 40 78535
52 58 43054
73 99 73950
89 90 97296
45 52 52537
75 73 32654
51 37 1899
76 46 49464
44 66 51787
50 18 7572
96 10 45135
44 53 5387
99 62 83147
11 63 31509
84 37 92189
51 3 91364
79 34 72578
67 77 60165
80 90 82354
95 44 52873
43 37 88449
70 66 43338
64 69 38694
35 73 40531
53 57 66524
1 44 2151
97 64 63775
65 17 39171
42 71 55716
32 15 8035
42 83 84429
60 26 51169
59 81 65388
26 75 20247
76 58 2985
50 96 60283
76 7 75362
90 60 27761
73 16 10283
28 12 94187
1 33 83831
53 30 93583
91 13 20221
86 58 33282
91 72 80200
76 60 95398
53 28 55140
13 27 70667
93 7 97710
22 90 51924
98 64 25084
100 92 89854
81 27 79930
97 49 21840
13 20 15612
86 49 46887
3 95 61157
86 35 51817
33 26 87523
63 50 76840
25 70 50172
70 98 97709
61 57 15470
22 63 32042
13 26 93087
79 16 92734
11 54 3430
22 44 26230
37 71 93021
6 70 56770
49 58 80980
37 65 76794
100 34 98172
34 22 77060
16 87 88151
88 40 97108
16 70 69629
42 61 26982
18 85 76067
27 74 41852
32 12 77635
89 45 89365
44 63 25095
74 16 39659
70 68 77387
48 9 7205
35 23 20341
72 91 33665
4 15 95859
37 15 51120
68 27 93191
4 42 25285
38 37 19194
26 49 12845
88 18 87145
4 89 99579
24 32 25638
92 86 55950
11 21 28509
33 65 61090
8 44 67312
65 25 75396
90 78 50595
54 8 68368
21 21 89242
71 58 80331
16 57 32109
1 21 26923
98 84 17391
85 14 97001
5 57 98844
53 10 46179
92 51 51583
75 37 41247
25 55 33498
39 94 16255
86 60 21444
75 17 23044
17 44 45274
6 93 88221
20 87 84004
51 1 39846
80 28 60104
21 96 39719
74 45 71240
55 91 51439
40 80 89318
63 70 12591
46 2 87110
6 97 58381
23 81 67572
82 27 42917
7 27 80756
13 75 51534
30 97 68919
86 42 65591
56 57 36406
84 32 63809
79 8 27756
46 24 19363
42 42 86290
10 94 72624
3 23 40272
13 41 5366
28 65 70923
88 26 29039
80 5 21704
86 34 38883
97 68 55551
1 82 50944
42 26 13041
74 28 19774
21 73 39725
70 69 92719
74 66 3966
46 74 44113
3 75 40962
53 23 70691
20 46 69957
95 55 1732
99 5 15747
31 47 91740
3 7 86356
61 25 92190
28 53 72618
20 61 79937
83 68 89718
17 20 67412
68 59 54635
93 35 6406
95 53 4018
58 75 93195
61 88 81665
41 57 1533
52 49 10444
83 98 25843
75 49 96955
1 26 50425
49 34 52401
91 84 97389
27 62 56889
44 96 34532
83 3 14439
86 46 25196
34 26 43729
40 68 77451
18 51 42857
23 94 96558
99 41 78413
19 86 92909
43 76 73074
3 53 5093
31 55 3313
92 41 61741
44 88 20841
23 73 1718
77 14 43491
15 19 98451
80 99 73081
87 50 78953
52 99 75575
77 5 23143
85 97 67154
86 22 75906
67 17 91032
77 57 69022
17 83 58347
86 10 91148
42 74 98664
53 44 43898
26 26 46171
42 57 37087
90 57 6899
38 72 21084
36 8 81465
96 68 98591
11 1 84126
20 5 79539
64 71 7050
80 88 80356
55 24 72717
30 61 95127
43 98 53525
29 59 80981
90 6 42579
38 82 99869
85 70 36143
37 11 35984
29 16 57940
63 75 94679
2 85 39951
7 90 76449
97 98 80821
28 22 49594
83 36 90372
60 44 74297
22 36 90551
47 14 46688
62 28 59150
58 40 42687
18 31 41157
76 97 77910
32 63 98168
54 24 83663
66 31 32358
37 69 81503
75 2 13778
41 60 69953
98 69 12371
81 16 74086
88 94 15028
10 56 51852
8 53 28238
54 63 6072
95 29 80733
5 48 910
85 62 79821
40 65 51006
2 68 30422
56 33 88703
33 86 63204
4 19 5149
99 72 8120
19 60 926
91 31 40631
97 15 82253
60 13 39103
96 67 28730
7 31 49160
91 3 85342
77 12 78371
52 11 86976
27 14 61223
76 19 17390
39 67 38441
72 88 73643
51 36 58918
10 17 26812
22 39 10726
3 58 59510
42 90 15970
43 66 65218
28 34 59012
56 71 23883
44 86 62507
66 70 34237
43 28 66927
19 16 73570
82 50 36209
81 64 57294
32 57 37164
45 30 84704
19 1 24566
61 6 92943
77 99 62227
40 4 82868
26 24 27386
62 17 60037
2 41 43875
34 75 30686
28 45 36951
88 9 82305
88 53 47539
96 15 20142
24 94 86238
45 89 30533
33 87 40215
76 12 1297
40 24 45282
18 72 45620
19 96 11134
58 18 56923
8 67 46389
68 35 41824
49 21 42468
58 23 10968
76 39 69434
5 46 80683
10 85 11291
71 6 31100
96 38 10759
99 35 50790
79 89 11742
28 77 87088
30 18 59531
100 95 23300
31 28 78563
48 33 31400
33 33 15804
100 49 11313
70 97 40164
2 30 64533
78 25 86727
77 93 50617
62 37 8677
22 86 40402
62 11 4499
99 75 38826
22 71 60168
70 61 56873
52 24 69681
45 22 65340
7 72 61522
87 78 51195
40 99 70312
48 16 94470
35 35 92197
92 1 94458
42 96 51251
21 29 10303
84 3 80350
24 90 84918
48 48 99603
83 5 27549
64 34 71333
40 26 29621
73 69 24476
87 44 21701
37 33 9146
37 17 26524
41 30 85891
82 84 23497
88 85 76547
46 15 77446
57 30 38365
47 58 31406
15 23 46577
100 80 7528
10 81 71945
56 73 82085
19 56 27081
48 23 58874
27 38 67567
67 55 4465
81 9 45852
61 89 45016
85 60 81581
81 28 79826
57 84 93851
2 1 84871
2 40 45608
86 95 55821
9 8 54596
96 82 17362
55 92 17310
82 87 25072
40 1 44231
51 22 74778
49 74 58991
57 70 27830
5 74 5770
15 70 15042
74 55 94763
90 23 90912
42 22 30999
90 22 65329
66 76 76505
93 79 54800
26 2 51330
76 37 8435
14 32 12944
23 59 33656
21 9 83644
51 8 72544
41 63 49032
89 87 8467
67 7 63953
17 3 46946
34 97 33122
51 96 39465
52 48 47190
43 53 66082
39 93 16379
60 35 54196
6 39 78319
96 40 89301
38 19 66687
79 35 68157
75 14 73480
80 41 63408
7 45 28185
90 15 16865
65 100 2504
68 84 69789
51 11 20523
87 42 51238
37 79 89530
82 1 52997
14 53 10717
34 59 91401
91 2 57601
73 72 27302
70 50 43652
42 80 24263
25 76 36792
34 10 88124
90 55 19092
62 23 50130
70 20 71030
89 30 67187
92 19 25709
8 28 90224
74 76 69025
4 93 65868
72 23 79057
62 61 4208
77 6 68753
97 83 99513
7 55 23416
14 11 73776
81 55 93556
30 71 50956
2 65 94968
54 32 24843
13 81 38082
70 16 24281
57 9 46817
48 49 88025
71 1 96623
2 50 16987
78 22 32284
70 45 17975
68 91 20608
38 8 70624
38 60 96851
59 88 79425
3 66 45878
46 37 50303
97 97 34727
7 30 73330
76 41 1385
3 34 70839
89 24 83246
90 84 40099
99 43 83315
33 32 51961
24 26 21381
17 21 45107
14 75 11129
28 48 60497
64 57 77467
3 54 27092
23 39 51035
36 6 35572
31 35 34359
71 87 26753
46 68 36931
78 24 20818
68 41 85294
38 66 64383
78 91 84430
42 44 71648
26 36 76103
36 98 57220
19 78 36315
62 9 10815
64 84 44185
56 77 32078
65 55 11856
28 59 48175
91 12 64195
33 84 91034
71 34 25515
76 81 70711
43 96 90907
6 53 23323
21 56 89478
98 78 57063
12 11 64870
28 57 44384
74 26 11384
45 93 41120
58 49 61723
30 44 38
72 19 48503
9 53 58981
66 50 95375
30 60 46037
98 40 56123
39 65 98154
40 75 71310
37 88 53764
14 83 98765
50 90 48703
86 86 86020
20 4 95984
64 49 23018
4 9 55682
100 67 37298
69 36 46091
72 15 55384
21 58 70448
49 61 32081
72 25 35805
86 21 36425
23 17 91848
53 9 23572
75 56 51303
34 8 70467
27 36 63576
43 94 16438
70 78 17563
60 22 97643
57 19 75166
21 43 21847
60 41 83356
37 41 55611
20 86 88428
61 26 264
63 65 80184
27 80 93444
81 2 91118
58 11 75626
77 90 88266
50 50 32620
20 57 14361
3 65 39470
87 91 86370
99 16 3047
79 94 41437
32 29 29691
1 3 28529
54 80 41638
46 10 86736
32 70 71503
54 2 77691
88 45 91394
19 21 22664
68 94 32931
86 19 6881
87 96 42530
10 89 51052
21 80 97272
79 20 86121
21 53 25224
15 76 28411
84 36 79513
89 68 56891
58 14 49569
17 74 27520
16 18 1831
86 64 72219
42 89 97134
49 10 80472
27 70 59119
100 53 90905
60 89 24507
38 61 74248
34 57 49944
18 33 76051
8 6 93273
66 45 95221
23 45 71766
18 91 98941
31 100 39137
37 83 68795
3 69 60376
98 18 9307
74 42 18740
90 24 1500
4 94 94618
71 37 2801
22 48 96525
56 28 39765
50 56 58680
65 29 19402
27 99 16675
51 84 18071
87 1 8872
53 45 38875
83 50 67336
73 73 74000
80 9 85975
22 15 96750
56 75 65111
100 85 15734
55 4 2010
64 31 85839
71 83 7152
50 19 75572
45 96 5216
6 95 45146
38 6 80336
75 91 38384
77 4 91394
78 12 16217
91 42 53095
17 90 22706
59 72 22301
14 92 11705
71 93 19106
8 45 90672
94 4 9286
45 5 25708
45 17 25210
81 87 21886
64 39 93497
96 39 49641
35 40 65189
55 13 85436
91 88 71574
14 63 86567
90 39 52384
85 87 15247
18 56 65304
3 74 49587
76 24 45004
54 77 5982
54 54 86734
26 6 54928
75 35 57594
66 77 60908
14 37 43910
78 64 89576
2 22 89146
45 37 24785
46 33 95724
100 30 60742
72 3 76457
83 13 27478
51 76 20159
76 28 21875
10 92 36142
1 52 87769
73 56 82115
62 78 97058
74 57 77347
41 2 15871
74 79 89433
91 59 10068
62 54 80831
5 100 96543
45 57 6069
61 8 2921
9 17 81751
38 12 23573
24 57 97312
94 12 21630
20 45 4423
19 37 43812
83 27 2723
18 50 193
7 29 41500
47 55 9677
84 88 30758
7 77 96638
60 40 5896
63 2 51788
23 43 78497
72 41 88012
51 10 24966
49 30 71336
97 3 54588
73 6 42123
33 10 62993
23 67 24174
14 77 42251
10 69 53544
75 24 76156
43 18 13353
42 37 93228
99 22 70762
2 7 7572
98 82 79875
32 84 76443
70 25 93790
66 49 76287
45 36 61239
90 28 77483
5 1 96230
86 12 76451
21 98 55586
5 51 1487
9 22 66562
80 65 82732
95 80 10889
22 69 40825
61 69 23880
88 69 16651
68 12 98591
62 77 49373
53 78 94296
30 39 65805
10 36 88546
17 11 61773
40 73 90207
50 67 13818
94 46 39353
29 69 77469
51 44 68483
93 29 29329
35 19 37332
88 66 3877
47 31 37198
75 72 8080
72 59 34302
98 51 60275
18 27 64253
52 87 68835
99 56 95885
86 69 52450
9 3 17658
26 68 87374
38 90 97451
16 31 34037
74 80 34885
4 39 62685
14 30 63836
77 53 13914
92 70 85745
22 76 60611
91 61 13001
9 81 10600
87 40 77471
62 76 41992
13 36 49002
12 48 18987
99 54 57639
72 78 60404
27 50 51164
61 31 86063
32 38 96084
78 45 68839
42 17 64280
19 90 9960
58 91 58864
69 32 73625
63 46 59420
58 10 78290
81 23 92529
45 51 35696
47 9 45499
79 24 16985
76 50 46941
44 97 67090
60 81 96723
78 29 77233
98 43 96747
44 28 73881
13 4 55106
71 91 58549
68 77 34392
36 49 25096
88 56 74293
44 40 9158
21 46 31091
99 69 72506
75 95 6405
22 21 2501
3 68 8026
56 51 44184
61 9 82600
78 63 90054
37 26 60565
47 2 88686
100 2 93229
96 75 67279
5 53 82549
78 82 26365
61 86 20081
23 64 31566
86 41 99027
55 88 30443
78 93 56006
36 30 55330
7 61 85055
63 22 86027
94 39 57128
53 54 62515
48 51 14812
58 29 64498
50 63 86903
4 54 85742
73 75 46064
28 63 14848
39 71 74858
28 30 73679
83 100 21383
83 97 14184
94 9 55075
5 56 84721
44 12 11790
35 80 66538
32 61 27263
36 71 51320
65 49 75015
21 84 72503
78 32 99293
12 98 74078
87 26 66269
23 37 88895
91 98 48963
27 44 78056
36 100 94906
91 92 52295
23 3 77681
59 10 85795
15 6 92780
82 66 75446
32 3 5791
56 1 23881
62 95 71090
96 28 22572
5 35 22724
100 47 90795
75 47 7067
61 12 68208
28 11 4132
76 79 45325
54 3 57459
92 32 53948
3 21 16611
96 11 20893
44 93 3302
79 80 90553
28 29 96454
38 43 14472
48 56 26294
73 59 93081
65 93 41641
40 40 10792
71 82 75373
77 22 92964
54 81 49644
79 18 98769
12 60 48825
46 17 36327
19 95 48753
22 85 46616
21 48 5474
46 1 73378
53 74 28423
1 47 44771
75 50 98492
52 56 7994
64 85 6663
61 28 10787
100 29 27554
12 87 74737
24 97 68129
98 63 95738
48 89 31829
8 13 78122
37 14 4922
19 47 63217
54 88 35080
45 83 42248
17 19 95009
59 19 39913
94 60 82826
72 71 3016
58 100 85053
79 2 52724
68 95 3756
24 5 97128
36 38 83763
83 46 4185
23 46 41785
5 84 84038
72 4 58065
82 28 73729
19 55 5701
43 36 22061
4 14 40331
79 97 12564
88 95 43392
26 48 42027
7 83 47076
42 54 74089
7 98 97375
27 17 54392
31 67 57971
65 38 94448
90 10 60361
43 34 93188
12 96 49944
15 18 1050
39 56 70044
18 54 98048
80 68 44362
87 80 65326
88 72 34588
37 1 10207
40 34 63404
77 85 17732
8 98 40958
4 52 31651
68 81 43689
28 89 57614
82 40 82550
86 56 70580
49 57 46564
6 79 15973
73 36 50539
33 93 29213
12 51 76448
29 44 13793
43 70 25847
60 2 78619
58 8 82148
8 2 2467
97 81 33214
16 39 44544
90 50 65680
87 36 57638
95 85 24521
60 66 19925
95 57 30405
7 78 22025
70 59 2679
63 78 66717
50 89 85916
66 33 34302
77 8 9792
21 1 95235
65 73 43738
41 5 93171
88 36 9772
37 4 18082
16 30 85909
47 80 63251
74 2 31569
48 76 21333
13 80 15065
36 36 15265
91 83 76255
40 30 97425
47 22 32937
21 26 36863
18 6 57245
44 26 20131
23 10 75748
82 94 2170
22 52 33299
96 60 25265
6 51 21923
44 59 36596
56 11 37598
45 47 19858
34 81 93933
75 21 44145
75 39 20906
73 15 26701
20 82 39211
40 77 71644
55 72 64569
18 62 49950
3 76 78715
56 30 14113
15 67 68915
26 1 34862
46 64 66658
30 15 86328
50 29 56690
95 7 45857
49 86 83711
87 72 76868
25 43 42580
7 40 94573
45 3 71829
65 51 21476
25 69 47223
10 12 31761
19 7 89593
59 46 17383
24 58 66971
45 63 55825
25 33 67436
55 54 13053
77 65 26699
2 3 51595
32 96 12366
93 23 87022
39 47 4415
57 95 80942
93 10 54197
84 62 18463
78 21 82369
75 44 42227
12 50 54801
6 63 39787
61 36 94666
10 72 6856
4 8 91694
40 81 72478
64 55 5775
95 32 60711
44 83 40399
96 4 79071
74 77 60360
86 23 27945
49 100 51027
91 10 80041
96 33 59006
71 88 6541
25 21 64891
31 68 87921
65 5 98455
54 38 4210
9 60 48577
82 63 98045
38 7 89448
78 9 96881
78 53 13082
2 11 40668
94 1 81099
76 95 63382
74 67 1863
84 45 8562
26 94 85992
25 1 38652
10 51 27557
22 43 95656
75 89 14123
21 28 18993
88 13 34788
85 51 30300
18 3 99383
61 32 5211
44 33 33587
51 99 46916
13 7 8640
98 22 23386
84 75 98358
25 61 17139
35 14 68602
33 75 68569
56 23 18821
11 61 11504
48 15 85516
79 51 75274
25 97 91901
28 5 31711
50 43 46094
11 25 98453
2 31 40740
66 10 48843
35 69 44631
85 75 79772
8 50 12952
96 81 21849
8 56 83214
57 23 83960
69 73 30048
70 41 5643
62 10 12309
24 11 96287
58 57 9877
2 58 58796
50 45 2641
92 2 66155
5 15 11387
4 69 54587
4 30 4738
84 26 86550
59 54 39851
69 9 22700
52 76 68804
25 65 70093
10 3 86733
53 21 2970
93 85 87344
43 6 67518
55 90 20131
10 64 28109
40 47 69883
37 96 92841
70 27 24866
38 69 59565
20 94 89361
5 29 52908
43 45 75428
96 31 98523
60 23 63630
23 87 29565
57 85 82387
47 1 89306
67 57 13481
67 40 22327
90 18 21801
19 25 73679
79 65 78334
91 65 66982
73 44 30486
56 12 74742
34 80 58739
16 29 7667
13 90 42184
31 69 84688
17 27 18376
46 84 49814
69 62 84057
12 84 86834
56 25 31022
2 33 17259
28 6 28961
73 67 39390
52 13 39061
95 4 34666
60 48 71163
98 68 56311
66 30 63626
59 49 78231
16 53 78772
43 88 57999
27 42 73881
65 6 38567
36 7 6546
18 43 39635
42 67 63628
100 65 43124
74 72 16956
47 92 21102
20 29 83727
17 65 14568
61 15 87601
75 19 74918
86 1 81639
54 87 10204
79 43 78548
34 61 23818
94 63 86040
42 21 11969
76 31 83112
82 9 52025
23 18 32204
96 48 48480
13 43 71722
67 33 99130
14 41 91065
15 58 23658
59 18 31416
69 42 78287
6 26 41769
24 70 49512
94 77 80406
39 17 65816
96 57 16377
64 11 14679
95 28 152
45 11 13503
33 41 47607
48 81 31441
70 75 4719
91 5 3550
59 22 19473
34 38 94526
27 88 65826
27 41 47365
99 83 74523
5 72 46669
89 10 324
7 20 89289
68 68 55724
7 9 17403
8 49 98271
67 28 93586
20 8 48676
97 36 84863
82 86 39819
67 10 51267
16 52 42487
98 96 60633
24 62 85719
100 91 64238
91 80 51991
26 23 16888
36 52 88116
2 61 37830
66 47 49041
53 87 1385
71 50 48039
54 85 23965
99 92 43682
69 99 52254
72 66 8578
33 91 87800
69 58 38349
24 63 75356
78 97 8361
99 13 63693
63 90 1753
90 94 61661
83 54 75702
33 73 74991
44 14 35618
62 45 80777
42 24 16993
48 75 75212
47 11 62278
49 71 87233
53 66 27907
94 11 76115
73 63 862
92 88 595
85 17 7352
86 85 48995
80 12 7007
43 85 21164
54 100 24039
53 15 12510
1 32 93210
16 60 52158
45 10 85890
54 98 77183
25 13 48619
21 11 75572
25 94 142
31 56 55926
69 22 19999
6 13 71418
29 8 21774
92 37 90913
78 77 78599
70 18 79848
64 9 2819
75 52 4566
68 69 84754
35 98 44655
36 76 57413
10 33 99612
37 63 62530
44 79 77229
78 18 27538
88 4 10608
6 96 32581
40 36 55958
79 38 2009
19 68 37423
68 36 69365
47 34 61015
95 72 57864
61 56 71285
58 6 4629
86 62 88779
65 83 76410
87 65 91583
38 78 58523
9 40 91703
31 72 71902
64 24 79198
29 67 80051
70 44 74613
21 71 3644
34 99 26705
74 18 32084
19 54 24216
27 39 39706
43 50 684
15 39 72215
32 13 45315
34 30 1685
31 30 53214
4 85 90467
7 8 29682
64 73 6956
85 29 33386
8 97 11223
31 15 26452
18 16 14003
48 41 7671
33 66 34224
93 19 87569
48 47 21342
64 15 23045
90 87 8195
57 55 84038
89 3 86956
10 86 7789
43 99 18686
47 81 72201
9 44 82061
30 80 55096
50 81 35912
80 62 16923
23 82 31035
17 80 51638
98 61 18463
44 47 84031
73 19 21171
19 4 70589
38 14 94012
48 67 19330
81 8 29277
58 71 4894
98 23 17405
99 44 28824
7 76 30122
42 39 21917
73 11 49227
28 46 79847
36 48 68057
51 40 57657
100 58 99015
29 84 98566
33 5 56738
61 33 8472
17 89 44834
92 100 522
97 69 48220
44 54 17865
28 85 62000
97 89 87350
38 26 81375
86 73 15424
27 77 61231
17 50 51219
97 66 61383
72 98 15301
48 98 84180
17 53 67774
89 17 81094
6 46 35257
12 4 64209
52 42 58509
14 88 92407
51 45 24245
27 64 88429
84 92 77319
65 94 91099
36 41 76935
68 97 54353
16 98 80787
85 35 5868
54 52 18073
94 6 43205
79 36 8359
64 23 33162
17 45 24262
51 20 1470
15 21 38860
28 24 93245
77 66 67679
81 61 49659
45 35 39603
64 93 93667
98 26 14665
37 72 2553
46 71 37936
49 23 74849
19 63 43170
35 76 27369
55 46 31217
77 36 90697
53 98 50321
51 18 5667
37 66 46744
88 88 98253
21 99 62744
10 22 29570
8 70 29168
81 93 70571
64 6 58133
31 39 83209
81 44 29739
65 20 20255
32 56 69219
18 15 43417
99 4 53917
27 95 79086
14 72 88263
52 27 43063
71 36 70928
46 53 69849
98 56 43249
100 56 98551
23 89 10365
28 25 25676
28 42 93362
57 74 28749
4 67 60530
71 96 45829
96 50 38668
67 52 91381
7 95 90741
78 95 45227
48 78 85022
43 43 72474
65 16 90696
66 21 60057
46 11 83817
74 29 23941
22 94 20043
44 3 95309
88 75 66712
87 70 98971
92 20 79233
69 25 33707
68 92 79641
20 23 31801
86 59 56822
49 45 45395
73 71 99251
39 96 11199
64 29 3760
25 75 60417
94 85 36078
5 63 86063
47 48 36482
82 93 69143
32 27 69995
51 6 19169
88 44 59935
15 22 78251
55 26 83210
49 51 76035
84 55 93303
65 56 42345
10 47 15937
11 94 38227
13 53 83149
51 55 90325
71 20 72494
48 96 34767
2 39 15386
16 82 71191
73 32 35042
34 19 1286
59 40 77215
63 85 96156
30 86 33971
26 60 19729
26 45 80919
75 97 12418
97 95 90146
93 66 58380
26 85 13126
85 9 81990
68 43 56627
63 87 24651
22 54 52764
7 62 50699
65 65 80745
64 45 88052
6 35 11944
66 79 54378
94 35 59275
16 17 60808
59 20 75579
68 14 69966
32 1 26290
93 53 4548
96 80 40962
38 62 89100
67 91 76395
16 21 477
50 20 54824
73 2 63799
40 17 30384
51 34 42304
41 23 26665
19 58 54492
71 33 84941
41 73 92945
66 9 45883
36 88 65791
32 53 21609
45 99 16366
50 5 69136
66 19 93586
64 50 65929
96 24 90455
40 82 35800
48 30 44263
37 29 79548
78 27 87541
45 8 57221
66 17 71162
44 98 42413
59 4 60377
2 35 45324
35 7 57815
47 63 49624
25 41 21624
33 2 78123
41 92 47711
88 58 98092
5 86 50360
32 51 98338
43 15 70699
83 96 1134
14 29 83736
2 28 25549
35 94 34966
92 10 94034
76 56 83174
12 17 78787
63 89 40035
63 71 98382
8 88 74328
79 84 34880
39 42 6305
54 56 90778
94 19 7122
92 63 76167
21 38 97357
96 41 24726
44 43 50987
96 25 59881
43 68 23858
38 73 24725
62 36 73676
65 80 90845
13 96 97020
78 43 32127
77 26 52261
92 61 73733
89 12 97466
26 52 33643
54 12 70793
42 35 87519
81 88 3156
72 48 99119
8 1 19626
86 47 14374
48 55 4940
82 61 92557
44 15 78442
39 1 10242
56 64 47982
10 6 60791
62 1 99685
59 92 99043
44 56 87880
5 23 80233
5 5 53788
1 80 38511
26 80 57995
63 47 6052
28 71 96510
18 80 66483
15 60 43508
92 29 99164
32 25 97356
60 92 20763
73 28 94315
36 99 14102
41 26 42429
29 54 78751
76 83 54340
2 83 38450
11 42 34736
73 88 30003
78 57 47691
54 10 18225
98 98 56575
30 50 74322
23 28 30499
59 78 69128
59 29 89431
6 5 50387
31 42 63999
88 32 48337
54 66 82227
33 9 29616
9 94 11578
13 48 933
10 40 60160
58 96 52488
30 5 73671
17 73 60070
20 76 52366
37 42 52597
74 70 76554
63 69 90588
60 12 3931
66 24 47833
47 90 95926
13 40 50833
44 49 6787
66 22 17776
63 11 83995
58 12 45437
47 62 57813
2 90 38555
7 26 74057
81 11 90313
53 1 36007
72 31 30027
59 39 76732
100 98 99186
75 32 8694
58 31 9351
7 67 14576
3 35 78764
36 64 11975
29 48 22493
36 94 12277
28 44 13596
16 4 48540
57 26 20833
70 15 51616
98 73 30600
97 20 3641
39 16 74475
63 18 65676
38 1 46170
94 37 81565
27 21 25358
95 12 28566
64 79 2263
36 89 80625
43 16 32902
41 35 15782
76 38 22495
62 43 36543
31 21 14265
32 47 89407
97 80 46489
100 74 96692
49 92 63684
38 3 26307
22 100 72561
22 81 1634
31 64 20557
49 33 99349
12 13 27006
28 13 90360
97 48 62644
78 88 779
14 59 57513
57 35 54234
15 49 80621
83 75 41023
5 94 84011
100 11 34254
50 37 15825
55 71 91489
48 74 62142
43 55 98465
80 92 54879
17 61 27983
26 89 99289
86 3 67871
25 6 42100
9 34 81732
97 54 83867
29 12 78885
89 22 19498
84 18 55431
60 78 17721
20 18 94138
46 12 72397
43 3 6360
71 8 89151
58 94 27977
43 1 80675
8 72 96069
22 98 87449
94 90 37164
44 70 41340
91 22 24824
21 45 91227
69 38 25265
95 36 49812
79 54 58069
77 69 96027
86 51 3815
78 62 49904
23 88 55167
36 77 41626
54 1 33566
25 63 81223
7 93 71452
25 19 17411
67 16 6677
49 89 69758
4 45 48718
76 54 46291
45 62 6609
70 9 91212
28 17 55607
53 27 33840
58 3 48256
65 96 7931
19 73 25826
4 3 66038
59 82 29545
85 42 86632
12 3 78433
100 59 38002
51 94 92625
50 60 73143
75 90 16418
83 49 68576
71 31 25880
51 24 91906
79 72 77218
59 61 78382
71 53 34936
64 76 53837
56 74 31490
72 79 27399
8 55 19088
72 64 93330
39 33 11243
70 24 55564
100 71 96778
48 65 38485
86 90 29824
92 22 98539
75 46 74328
13 82 32569
70 53 5042
42 62 55064
71 21 1976
91 39 20856
34 5 4926
100 52 75337
89 69 58543
7 13 80893
72 99 84408
44 44 7206
48 86 81862
15 14 98795
91 41 48997
94 34 9187
62 67 87880
44 36 14717
61 84 64125
9 38 96141
41 50 65937
53 72 59010
28 94 44800
14 60 26141
51 52 57309
37 73 25993
81 100 78246
77 38 1995
61 60 61487
10 16 15026
99 68 15146
91 43 71786
56 97 73712
47 93 96429
49 16 61940
75 29 47352
13 11 49722
89 55 26430
18 23 68335
100 3 99166
10 27 92093
90 29 44021
57 82 64499
61 45 2378
42 25 90485
24 67 51284
24 19 34818
13 99 53369
26 33 75546
22 99 66540
75 18 19334
45 97 61131
89 64 85533
67 78 7384
73 77 6798
61 20 59719
23 44 96630
86 17 55248
78 28 5725
66 62 37330
69 67 21121
52 45 65869
61 75 58768
67 56 31969
42 47 8862
94 27 80748
2 36 75096
10 30 63553
10 19 83915
8 96 8334
59 30 98521
45 66 39220
65 18 21282
84 49 1712
76 91 77743
19 81 11052
9 6 55015
89 83 32376
18 20 90817
34 9 1357
90 74 17909
43 60 61366
18 75 74248
65 62 56583
100 5 37306
82 76 55849
97 86 20303
31 41 59472
90 19 54266
51 41 11911
62 52 31516
22 67 58678
41 16 84957
34 17 14346
41 18 68044
87 17 81295
71 26 7073
1 100 36462
76 45 2584
90 92 81987
28 49 21926
93 92 45278
7 50 65506
29 100 66030
35 45 51265
22 17 60029
17 98 31911
44 71 30837
98 42 11656
51 62 58053
57 15 2960
86 81 89122
44 67 39616
74 4 20627
63 72 50261
17 82 77603
60 3 68119
43 13 85454
64 88 12368
22 9 21188
35 65 41808
61 74 11434
52 15 3514
44 52 45003
3 1 96838
69 13 65516
31 71 28876
82 38 41193
78 80 41740
18 68 85916
58 78 4852
27 53 28387
25 30 19161
90 72 3219
10 42 32787
27 59 96898
100 46 52755
52 7 12331
99 2 61301
61 48 76097
69 91 640
38 16 58023
59 52 22080
57 57 57321
34 37 5579
78 58 46176
89 77 68140
67 71 88806
31 92 12315
1 15 6531
92 44 80658
98 17 35298
41 82 74763
9 66 69384
4 23 79678
61 91 69959
35 38 70892
96 87 71404
1 4 1442
95 48 34499
67 1 27832
10 62 54805
33 58 10664
90 17 53727
71 48 44038
27 79 67833
98 2 22434
23 77 14894
51 67 76069
63 3 68289
72 70 22009
11 50 3456
86 89 54487
25 25 93493
32 99 15284
43 32 51
51 81 73028
72 40 98793
76 74 67973
89 51 65055
47 86 59862
57 31 54777
57 76 62485
67 3 32009
85 63 25833
12 22 11476
67 20 34364
82 72 57306
69 70 4447
20 32 84927
12 15 66845
62 87 61716
7 6 90765
59 83 62376
68 93 22215
17 4 76465
28 84 50084
11 76 22600
55 33 28790
88 65 56149
78 14 13915
77 59 48293
69 27 14600
92 78 90813
58 34 24822
35 93 36205
89 70 97953
81 67 77995
71 98 38345
28 81 78428
79 56 96945
3 80 48911
7 70 29263
73 90 96748
15 87 32707
18 70 74163
21 42 33022
19 32 64685
88 49 65493
3 61 33409
47 76 54347
89 18 27251
1 49 23542
19 74 40208
21 37 25716
45 95 34520
64 87 49020
80 74 22424
12 65 65225
35 33 9282
94 56 46896
85 95 89961
92 17 15093
23 4 75752
15 88 86354
42 49 34784
69 78 77795
15 17 70978
23 9 15060
82 74 37893
57 47 12086
50 88 34372
25 52 28768
81 20 64684
36 45 93724
46 72 64977
60 51 79867
83 35 8875
63 80 21540
