100 100 1000
32 33 8608
78 13 60016
64 85 67358
91 12 34917
53 84 97441
86 78 3786
27 58 92973
45 61 83847
64 91 53063
22 81 52279
83 47 47823
45 89 88363
39 23 62426
18 91 23989
59 7 650
40 86 69818
80 89 41176
73 87 71411
93 48 47281
4 77 27390
6 9 78222
53 77 53692
15 67 94589
45 70 56630
81 31 96760
64 17 37907
55 15 3016
2 49 77696
29 35 80379
11 78 80984
3 12 90074
87 6 3882
45 53 81813
43 95 27257
63 41 62623
59 43 3200
88 1 21579
20 87 85166
20 66 67173
92 72 32582
94 54 72819
77 2 39025
44 21 52573
18 45 63413
15 27 70902
21 9 60792
36 20 45193
80 85 35047
76 32 51213
80 44 14363
24 76 25283
39 33 95774
61 10 62875
57 79 66589
44 56 60827
23 51 53830
89 29 460
87 10 83329
36 24 55092
54 5 61728
79 73 73551
60 40 75331
50 21 79420
99 10 32352
32 64 45857
45 95 90557
32 74 54909
87 28 22691
83 90 61104
21 65 69491
73 70 40357
19 64 99200
76 59 33888
50 39 75477
65 2 12067
59 30 273
47 93 64469
29 90 74819
22 86 57185
79 43 7587
21 27 89538
48 71 68296
17 80 54647
58 57 78309
29 1 23395
35 79 49535
98 8 92835
21 100 11118
92 95 73832
15 68 76356
59 6 33411
26 36 97792
21 32 51024
25 22 55647
98 71 50851
26 30 80006
38 25 69575
62 51 61571
77 79 40847
35 23 96265
18 50 92846
26 94 64135
1 30 73054
93 36 10841
51 62 47339
63 33 14665
17 68 27383
12 18 17389
3 95 10726
92 54 34857
27 46 49395
75 11 7412
100 69 12737
20 7 64869
23 48 16449
55 48 2984
38 8 22452
34 77 37505
81 9 26254
83 80 71082
71 57 17431
10 46 47272
66 47 14071
34 49 14630
32 96 68431
11 7 85486
50 75 47238
55 40 93485
50 95 98529
49 59 51108
85 28 22723
88 83 24161
82 36 75057
100 79 60256
98 90 58579
92 41 55137
60 79 75354
8 15 52218
61 22 29870
61 94 41911
76 93 96001
97 70 44393
36 69 11302
20 10 46761
2 11 71501
13 53 10625
46 15 79241
1 85 4907
94 13 65035
88 3 99217
24 7 95763
80 66 25095
47 21 66205
92 5 9248
2 26 6539
18 74 15795
37 30 17500
73 22 57916
75 44 69563
43 60 2554
67 39 39394
31 20 6955
5 1 51808
25 89 26391
89 81 82031
90 23 49609
9 16 81382
88 25 89826
66 26 79081
47 24 98599
86 80 59365
87 83 74023
74 25 74323
13 96 80995
64 30 15174
100 87 12415
40 74 2857
6 25 66754
15 34 47085
90 40 20080
12 53 25154
44 83 23856
17 44 75761
57 69 88878
89 39 65664
26 86 99244
69 81 38744
50 86 12492
11 96 92765
42 47 75052
7 46 70648
52 10 39836
46 82 82986
59 47 83448
15 69 56577
2 22 18515
65 9 70298
61 26 33358
99 76 75531
24 92 62775
23 31 32206
2 12 97749
89 4 57038
80 67 84600
97 41 92667
17 82 35010
23 17 79132
72 53 33482
70 100 28899
77 78 55399
69 76 72892
72 3 8609
92 76 44858
29 86 6564
3 58 70039
73 80 57668
51 42 19318
37 39 87661
83 82 62488
96 64 39857
89 12 92629
7 2 65797
29 79 89050
99 63 13832
23 46 68183
37 49 35965
17 37 33284
52 63 77277
37 17 69814
9 64 19350
44 34 93034
57 74 34908
19 68 75380
59 19 93894
49 65 40478
83 26 52344
11 50 33700
5 14 57594
39 25 7220
5 71 59970
66 73 43555
1 99 50361
54 75 14658
34 12 71146
65 79 17192
1 13 27222
97 23 21651
99 49 58408
33 93 23624
63 35 68799
80 56 84926
66 25 48768
96 85 7852
85 52 90973
52 25 58346
92 87 9878
92 16 11433
96 9 20005
9 70 70766
76 92 79587
31 44 63035
69 24 5622
60 41 49695
68 16 37265
46 34 89997
35 37 66846
96 75 67170
92 14 30798
42 78 44761
10 62 84031
4 56 22843
69 11 65851
19 47 58360
52 67 55920
57 22 48235
63 61 23040
32 2 47324
20 70 93222
79 55 25496
58 58 59086
39 58 79417
41 45 1117
88 100 49051
20 60 47105
50 69 66156
84 60 24406
46 2 43793
16 55 25322
16 84 12804
46 39 45813
64 73 19168
53 46 87995
90 83 73862
99 51 15200
12 41 82006
85 1 87790
64 37 78053
15 8 22332
98 44 97254
43 92 61967
45 86 39937
41 39 22603
38 20 21178
33 33 31935
66 87 99474
73 3 54124
13 83 60166
29 36 62065
14 78 99840
45 88 52980
4 92 12545
15 41 25465
71 82 21614
15 84 95769
5 30 73476
45 8 37315
100 47 64144
6 85 60087
56 42 72776
88 79 63460
42 15 61774
41 8 65027
13 50 28229
79 84 1571
48 46 48000
30 58 56445
67 90 41303
56 86 72223
50 57 66540
59 76 11904
30 61 41116
99 77 49295
17 1 47540
9 37 38068
30 100 23166
10 63 17470
84 92 1142
45 98 62734
22 85 9611
19 11 52208
51 44 65401
86 42 7282
49 67 59071
100 29 86515
33 89 55393
47 41 60622
96 86 92525
3 47 49280
25 83 70373
27 50 79835
36 95 93387
68 51 47290
60 38 90981
36 47 52733
21 30 45493
60 34 4683
36 45 25329
71 8 4172
14 16 69370
17 87 89706
78 61 90718
89 91 790
23 19 41668
96 40 20577
35 5 80780
83 4 26180
89 45 4671
91 32 99537
4 30 72932
46 37 75231
34 87 24430
56 69 99423
44 87 12912
91 9 38030
6 39 76363
67 8 89059
7 99 37996
4 1 8534
13 58 73907
38 87 18808
49 53 98161
65 54 36338
46 100 42455
30 86 24854
38 71 60815
18 21 62832
50 76 41353
20 99 58691
54 10 95266
95 41 86820
8 80 49566
54 82 89027
9 65 71879
3 91 5551
96 94 65451
84 34 47872
18 64 89877
61 43 23084
40 48 41002
86 89 61346
76 48 92611
60 30 19743
2 85 95732
26 51 41355
62 89 76873
63 71 52068
11 91 60738
16 14 19761
74 14 17190
38 78 29989
54 46 68055
47 57 5516
5 88 80845
18 72 19426
38 43 75187
76 50 98063
95 20 94870
27 20 49439
64 22 58981
79 98 78613
33 34 825
2 34 43708
83 6 50318
50 78 69721
91 84 41058
85 8 39621
1 20 90159
7 84 64369
93 99 76767
31 90 15289
67 24 60278
1 16 90589
44 27 58895
4 79 31257
81 58 56140
15 32 45014
19 50 22919
6 27 93962
21 35 64742
37 22 41488
94 63 21978
72 98 70887
77 11 22723
93 42 52348
8 91 40062
5 21 40819
63 65 63973
57 25 71708
26 80 80641
51 15 56911
13 51 806
59 61 65535
57 52 12800
4 55 51553
66 17 35212
74 71 24851
9 82 12557
32 9 47512
6 68 97821
43 7 45885
24 12 22294
20 22 59818
34 18 25588
88 77 42601
18 71 45715
96 80 51236
64 6 13300
52 81 70082
94 97 43635
42 45 88743
54 90 78407
98 58 93787
35 34 47230
72 13 54964
46 16 41916
50 42 19508
30 84 92379
50 93 88281
51 75 7677
9 38 46398
20 88 66622
48 24 47307
42 83 17192
49 94 18717
86 40 39994
89 34 49518
79 3 21348
35 66 99132
18 56 59653
70 71 73528
53 21 28890
6 86 73716
98 99 675
57 81 76943
5 79 67792
5 100 73756
75 98 397
100 64 49992
77 72 59521
20 77 32935
48 57 75211
63 9 71419
95 13 92451
39 26 13783
4 84 28851
78 52 21911
96 61 31706
94 77 18734
61 100 19523
84 7 47784
35 30 14692
48 13 31288
93 11 71395
85 3 57438
37 93 94384
48 50 58817
70 59 86620
29 44 95588
50 79 48467
76 64 58898
45 21 49087
31 16 82105
34 23 30557
82 98 34219
2 1 2654
78 17 15370
84 96 34733
99 60 76125
40 67 75898
38 81 80658
43 85 373
40 56 11401
100 36 22326
24 99 15259
92 82 44007
23 74 14248
94 99 64915
2 96 3537
22 32 31669
63 45 41555
55 37 33037
34 9 49564
55 84 59262
55 62 92227
75 39 8277
26 17 52572
91 48 22786
59 63 6556
24 74 10313
1 47 55804
5 4 12019
40 58 73437
31 95 72585
1 62 46575
81 99 85065
16 40 92407
3 100 94639
31 23 71928
30 55 72380
50 5 47356
86 90 83413
22 12 88394
15 70 16076
25 60 81689
30 32 55198
56 23 33724
7 41 82533
8 95 91607
54 43 82708
80 94 13050
23 39 61760
11 30 63159
44 71 82755
24 33 31964
69 16 33880
14 34 80098
16 56 84330
95 53 46601
72 69 16635
42 91 83529
10 75 54340
61 13 86826
8 67 18516
34 37 23128
81 40 66115
60 15 42186
88 64 55041
84 95 47984
55 53 44663
79 57 25123
78 56 69274
70 53 54940
4 50 37042
26 74 57774
96 44 39506
75 79 62736
87 11 75117
34 8 39801
94 90 17455
71 58 67354
48 36 61653
35 73 9852
31 13 90399
24 100 14975
88 85 34068
84 78 69072
56 7 31383
25 73 21042
87 73 55878
60 82 58603
27 66 76528
35 47 57099
71 24 83233
81 83 54448
1 2 98921
34 10 15303
100 98 21544
87 86 14616
7 85 34161
1 42 85907
35 94 24161
18 42 99880
89 46 66004
85 89 11474
11 59 58242
37 19 55755
1 61 73176
21 19 6028
10 48 35387
89 7 35765
11 20 44321
1 51 23112
39 75 95210
65 24 41387
62 77 76351
21 15 84008
57 64 96213
100 80 25647
6 84 22278
35 89 655
35 7 58660
97 25 56270
65 94 33178
26 26 19177
63 92 59220
56 21 24787
97 5 12191
38 5 94534
93 88 75148
69 4 21802
37 23 45457
41 76 84153
52 48 97396
72 43 90636
57 80 92118
51 96 36339
37 28 85884
70 45 63643
16 47 15390
96 37 34211
3 13 24973
72 15 36407
54 24 69739
12 19 7717
73 76 22857
1 56 27089
52 19 16656
38 90 13884
38 86 81967
93 57 54401
74 50 89628
17 94 68621
72 42 30967
47 22 45128
87 91 16363
24 57 10597
100 34 43470
53 16 41881
23 66 38216
49 86 62452
14 94 95252
79 34 28897
20 50 6984
66 41 56676
28 9 62344
18 98 4047
100 23 64354
6 69 99179
21 46 95827
19 65 19728
5 15 75502
96 10 45073
72 65 92182
85 18 718
10 2 75404
55 99 54210
26 65 1800
34 42 62191
45 42 23896
87 70 81865
59 74 15452
70 40 87150
89 47 84548
37 52 92931
49 98 69661
39 48 16899
74 17 51709
20 79 50988
100 70 98169
41 36 86744
54 83 32655
53 93 60354
45 44 39474
22 43 15545
79 100 34864
36 39 23098
84 40 53152
60 89 15416
76 57 9934
43 52 81363
47 88 67038
50 19 19635
72 51 73259
69 54 55087
1 43 33898
52 83 22939
23 47 76966
57 66 25409
97 58 19893
41 9 14913
25 82 92772
48 76 23134
5 11 97661
86 52 21275
82 61 64754
11 89 14876
48 45 30654
95 92 57132
5 80 93420
42 65 40456
90 52 99580
15 71 50293
59 41 36077
15 23 89986
56 31 50247
22 2 22788
59 32 73017
46 71 38280
37 36 87760
48 95 76317
80 86 31840
50 66 60483
95 93 78931
5 17 12873
75 78 70263
72 66 50812
33 51 84915
92 85 55683
55 2 88238
41 15 34357
11 66 15133
28 75 76607
80 9 65206
12 62 25270
70 17 58134
86 13 32846
53 11 97329
60 78 41350
86 31 85771
97 12 37165
55 87 78318
18 69 92228
10 1 65424
82 95 98403
87 53 9000
74 7 61048
2 27 357
2 50 65554
62 84 57827
10 92 63705
81 79 14889
70 99 37056
96 97 19509
41 46 74753
85 82 39415
51 70 98873
68 23 17021
55 43 42764
90 49 6722
81 66 93362
76 12 20759
91 31 16735
98 75 69823
37 96 43343
40 94 97299
16 25 23617
90 21 21092
38 98 70673
27 88 61205
13 26 19447
80 37 50755
10 27 473
2 25 37627
39 4 79194
71 56 7611
4 96 65209
81 24 31022
68 96 47067
7 51 62123
32 47 32486
19 63 52187
55 31 37751
14 20 5275
54 16 1220
75 30 89478
46 19 76301
88 75 6444
39 72 17945
43 56 33849
13 37 50216
50 10 55203
77 23 67256
72 38 22031
93 9 9533
1 14 2278
78 70 80322
85 51 6761
43 80 67272
23 68 28429
82 79 37232
5 37 98308
61 71 72340
38 59 37497
26 57 12062
43 67 16295
70 9 79678
45 15 20904
61 5 53607
6 33 47039
24 34 6321
45 50 81030
76 94 29364
25 52 8247
30 9 28709
4 37 94769
1 40 78512
23 98 34235
12 46 59132
26 7 20268
59 81 43366
76 66 56706
25 30 9844
99 45 33979
40 53 68832
57 5 40036
37 66 79233
17 5 17387
89 3 97438
41 90 24335
17 96 32462
3 7 71409
92 63 89797
12 57 20288
33 10 95204
36 64 28368
62 63 76888
39 93 85296
24 32 82417
38 60 81433
7 3 85874
63 77 90736
15 52 5494
54 64 52311
94 1 53652
55 66 95275
49 19 86136
46 99 89848
33 72 51196
67 59 39976
26 21 29945
58 97 76284
32 97 51829
83 64 92954
7 6 23879
4 46 65343
6 57 8824
6 49 12252
23 38 58023
48 86 57061
7 25 70983
79 66 30291
56 2 56231
29 13 61326
99 88 99553
32 89 95827
58 5 64696
25 25 17515
68 50 3659
55 55 45114
80 96 51566
22 66 15263
92 73 26277
42 99 81079
77 14 57008
13 70 96043
64 69 99728
64 28 37765
87 79 73208
86 61 71604
47 100 3556
96 30 7160
56 85 55802
83 30 8487
85 49 1976
21 93 90467
95 37 82422
59 82 49080
24 72 35214
51 37 30608
8 31 20940
6 93 39060
11 43 75705
77 47 57364
42 63 47590
93 55 57321
13 93 21792
22 62 71862
33 60 18148
39 47 76213
11 9 49256
34 14 38620
34 70 7502
57 3 95813
97 96 375
81 23 36382
48 56 11103
33 26 2874
39 28 62889
11 16 47892
51 52 42918
44 42 48657
66 36 3649
14 65 42199
6 71 37774
47 54 11742
25 59 7197
53 78 14499
87 18 85643
55 51 11634
51 64 88260
49 18 94152
32 69 81062
82 44 93932
73 31 57005
11 65 53215
28 51 42609
90 47 30207
34 94 91357
58 17 25252
12 86 5175
59 35 72242
9 34 54332
83 3 82464
18 57 5650
13 20 32425
26 96 29447
56 79 453
77 63 68567
19 24 33965
44 85 72396
58 66 48539
2 65 60619
36 46 48864
50 14 3010
65 46 82594
34 52 18302
26 8 71137
27 70 29641
68 5 42242
57 85 15399
42 93 76882
93 72 94850
66 100 10945
64 41 74058
9 94 56954
2 15 16885
97 17 63307
37 60 52640
72 68 72316
55 36 64498
79 6 60594
61 23 87422
72 37 30402
29 64 64090
39 29 20028
98 32 56993
7 54 95760
46 3 63471
35 52 91830
28 55 83475
