10 10 100
7 8 22583
7 3 35809
3 7 53327
9 1 13491
10 10 90382
10 1 34411
3 2 22362
4 2 10408
10 7 74353
5 7 24139
1 2 67995
6 5 76138
3 8 35721
3 10 96445
7 6 43485
8 4 90020
4 9 52322
7 4 26543
3 1 95681
3 4 64311
6 8 77835
2 5 78446
8 9 92054
5 9 42078
6 4 95731
6 1 96073
7 7 44399
10 8 9224
9 7 66275
2 3 69281
8 1 71784
6 2 56100
4 7 55773
9 8 63908
7 9 99162
7 10 36946
3 3 29719
4 1 35551
1 4 55188
1 8 46806
5 8 79827
2 7 41307
9 6 75906
4 10 38278
8 8 99513
1 9 15611
5 5 62081
10 2 659
1 5 35422
9 10 30635
6 3 87371
1 1 48865
3 5 9072
3 6 44756
2 4 68522
6 10 83259
8 6 23008
4 6 28040
2 8 31505
4 4 43715
2 1 16256
8 5 35720
2 2 12020
8 10 362
1 3 27071
1 7 39934
10 3 28227
5 10 84480
8 2 52130
7 2 12886
2 10 79393
7 5 93142
1 6 22254
4 8 12690
9 3 8788
6 9 23745
4 5 10855
2 6 51405
8 3 80518
5 2 2549
9 9 54454
10 9 64586
5 3 24718
9 5 51225
6 6 50590
4 3 89847
2 9 12231
7 1 97845
10 6 12664
3 9 46363
10 5 66347
10 4 37754
6 7 18095
8 7 75300
1 10 84175
5 4 44206
5 1 71693
9 4 895
9 2 23676
5 6 48555
