10 10 100
4 4 47383
5 3 34261
4 5 34226
6 7 37082
1 6 40779
8 10 16888
7 7 76777
6 8 20190
10 4 67055
8 8 81250
7 3 75003
4 3 45231
2 4 68447
3 9 13962
6 3 67100
9 10 37157
2 9 70194
6 1 56071
3 4 14416
2 2 82260
7 2 48109
6 10 52778
6 9 61568
6 6 36418
10 3 14765
9 5 92308
4 6 38576
4 2 31687
9 9 88764
2 8 88781
5 1 57539
5 7 93630
5 2 61128
8 7 53490
3 10 55987
3 8 2074
7 6 88035
10 7 64462
7 8 75694
10 10 53474
2 6 43968
4 9 12014
9 6 54923
2 1 63715
3 1 1016
6 2 74278
1 7 74558
2 10 46801
7 1 36795
4 10 13590
4 1 78591
5 4 4239
2 3 40235
4 8 35992
3 7 12920
9 4 12962
10 8 32526
8 5 66867
1 8 43319
8 9 21710
8 2 47938
1 1 92605
9 7 5810
1 3 10387
10 1 31496
8 4 17354
2 7 3019
1 4 86738
9 8 77
8 3 3537
10 2 23980
9 2 75335
6 4 34188
7 5 7549
7 9 82194
10 6 1511
8 1 39797
2 5 15929
1 5 75471
5 8 36815
3 6 66203
1 9 1473
3 2 16277
3 3 51309
7 10 46513
10 9 22476
5 5 23402
8 6 32790
4 7 25430
5 9 89367
1 2 82391
3 5 59425
6 5 75673
9 1 36452
9 3 71977
5 10 27240
10 5 11800
5 6 51310
1 10 71211
7 4 68102
