10 10 50
8 4 59107
1 10 46654
7 5 48060
6 8 94552
2 8 62181
5 10 40568
10 1 61823
6 3 96089
10 5 21200
8 5 74256
2 2 29506
7 1 20980
9 8 63
7 8 57017
6 10 21276
5 5 28572
3 9 35471
8 1 99761
7 9 49732
1 9 63732
6 4 8175
6 6 31929
4 1 50505
4 7 10145
3 8 6485
1 5 91847
3 7 59902
9 6 30717
9 5 46924
7 6 23254
1 7 54345
7 10 54493
4 2 8898
4 10 3760
5 4 29821
2 9 95431
10 6 25
1 6 52282
6 5 95758
10 4 13397
10 9 72371
5 9 78345
5 7 80364
2 6 24464
1 2 98200
5 8 33678
4 3 14264
7 7 68660
3 1 77080
3 2 29078
