10 10 90
0 1 6
0 2 6
0 3 2
0 4 2
0 5 15
0 6 8
0 7 12
0 8 10
0 9 14
1 0 6
1 2 17
1 3 4
1 4 20
1 5 1
1 6 2
1 7 12
1 8 19
1 9 20
2 0 6
2 1 17
2 3 9
2 4 3
2 5 6
2 6 7
2 7 1
2 8 18
2 9 4
3 0 2
3 1 4
3 2 9
3 4 20
3 5 15
3 6 6
3 7 13
3 8 11
3 9 8
4 0 2
4 1 20
4 2 3
4 3 20
4 5 15
4 6 7
4 7 20
4 8 5
4 9 1
5 0 15
5 1 1
5 2 6
5 3 15
5 4 15
5 6 19
5 7 12
5 8 17
5 9 20
6 0 8
6 1 2
6 2 7
6 3 6
6 4 7
6 5 19
6 7 14
6 8 3
6 9 19
7 0 12
7 1 12
7 2 1
7 3 13
7 4 20
7 5 12
7 6 14
7 8 13
7 9 14
8 0 10
8 1 19
8 2 18
8 3 11
8 4 5
8 5 17
8 6 3
8 7 13
8 9 5
9 0 14
9 1 20
9 2 4
9 3 8
9 4 1
9 5 20
9 6 19
9 7 14
9 8 5
