100 100 9900
0 1 2
0 2 5
0 3 9
0 4 19
0 5 18
0 6 8
0 7 20
0 8 4
0 9 8
0 10 14
0 11 4
0 12 17
0 13 11
0 14 20
0 15 15
0 16 15
0 17 10
0 18 2
0 19 10
0 20 6
0 21 17
0 22 1
0 23 4
0 24 19
0 25 4
0 26 5
0 27 10
0 28 11
0 29 16
0 30 7
0 31 6
0 32 11
0 33 16
0 34 9
0 35 4
0 36 2
0 37 11
0 38 13
0 39 2
0 40 19
0 41 12
0 42 13
0 43 9
0 44 1
0 45 20
0 46 20
0 47 7
0 48 1
0 49 3
0 50 4
0 51 8
0 52 12
0 53 11
0 54 2
0 55 11
0 56 8
0 57 3
0 58 13
0 59 9
0 60 5
0 61 16
0 62 7
0 63 12
0 64 18
0 65 18
0 66 8
0 67 16
0 68 16
0 69 16
0 70 14
0 71 15
0 72 1
0 73 10
0 74 11
0 75 12
0 76 7
0 77 10
0 78 4
0 79 19
0 80 9
0 81 7
0 82 18
0 83 1
0 84 11
0 85 2
0 86 10
0 87 10
0 88 20
0 89 7
0 90 4
0 91 19
0 92 10
0 93 1
0 94 19
0 95 10
0 96 18
0 97 15
0 98 11
0 99 12
1 0 2
1 2 8
1 3 7
1 4 20
1 5 17
1 6 7
1 7 3
1 8 19
1 9 8
1 10 15
1 11 15
1 12 12
1 13 4
1 14 14
1 15 13
1 16 19
1 17 10
1 18 13
1 19 17
1 20 1
1 21 1
1 22 13
1 23 14
1 24 1
1 25 20
1 26 4
1 27 8
1 28 8
1 29 9
1 30 1
1 31 1
1 32 8
1 33 11
1 34 20
1 35 19
1 36 1
1 37 13
1 38 15
1 39 7
1 40 8
1 41 8
1 42 13
1 43 12
1 44 4
1 45 2
1 46 18
1 47 18
1 48 3
1 49 20
1 50 2
1 51 19
1 52 13
1 53 3
1 54 14
1 55 6
1 56 1
1 57 17
1 58 13
1 59 14
1 60 18
1 61 5
1 62 17
1 63 9
1 64 15
1 65 11
1 66 13
1 67 20
1 68 17
1 69 10
1 70 18
1 71 16
1 72 4
1 73 11
1 74 9
1 75 18
1 76 8
1 77 15
1 78 4
1 79 9
1 80 20
1 81 8
1 82 5
1 83 2
1 84 5
1 85 8
1 86 3
1 87 3
1 88 17
1 89 7
1 90 11
1 91 11
1 92 13
1 93 12
1 94 17
1 95 2
1 96 6
1 97 16
1 98 19
1 99 3
2 0 5
2 1 8
2 3 18
2 4 15
2 5 4
2 6 5
2 7 17
2 8 4
2 9 18
2 10 11
2 11 3
2 12 10
2 13 15
2 14 2
2 15 3
2 16 7
2 17 4
2 18 19
2 19 10
2 20 20
2 21 17
2 22 12
2 23 18
2 24 8
2 25 20
2 26 6
2 27 7
2 28 10
2 29 9
2 30 6
2 31 18
2 32 14
2 33 1
2 34 9
2 35 5
2 36 18
2 37 5
2 38 17
2 39 1
2 40 9
2 41 6
2 42 7
2 43 4
2 44 2
2 45 10
2 46 16
2 47 11
2 48 20
2 49 12
2 50 8
2 51 2
2 52 20
2 53 6
2 54 15
2 55 6
2 56 4
2 57 16
2 58 18
2 59 2
2 60 4
2 61 20
2 62 3
2 63 20
2 64 2
2 65 6
2 66 1
2 67 20
2 68 15
2 69 4
2 70 12
2 71 3
2 72 11
2 73 16
2 74 9
2 75 9
2 76 4
2 77 14
2 78 11
2 79 14
2 80 2
2 81 15
2 82 4
2 83 1
2 84 18
2 85 6
2 86 10
2 87 2
2 88 4
2 89 16
2 90 4
2 91 16
2 92 16
2 93 4
2 94 9
2 95 6
2 96 15
2 97 5
2 98 12
2 99 12
3 0 9
3 1 7
3 2 18
3 4 6
3 5 10
3 6 4
3 7 7
3 8 18
3 9 1
3 10 7
3 11 8
3 12 19
3 13 10
3 14 14
3 15 9
3 16 5
3 17 16
3 18 6
3 19 3
3 20 5
3 21 11
3 22 15
3 23 5
3 24 4
3 25 15
3 26 7
3 27 19
3 28 5
3 29 1
3 30 14
3 31 16
3 32 8
3 33 7
3 34 5
3 35 15
3 36 6
3 37 5
3 38 20
3 39 18
3 40 1
3 41 11
3 42 12
3 43 14
3 44 15
3 45 7
3 46 5
3 47 4
3 48 18
3 49 18
3 50 18
3 51 18
3 52 4
3 53 9
3 54 10
3 55 16
3 56 1
3 57 8
3 58 20
3 59 12
3 60 9
3 61 18
3 62 19
3 63 20
3 64 4
3 65 16
3 66 14
3 67 8
3 68 18
3 69 17
3 70 1
3 71 12
3 72 16
3 73 11
3 74 13
3 75 19
3 76 20
3 77 18
3 78 4
3 79 7
3 80 14
3 81 20
3 82 10
3 83 5
3 84 8
3 85 7
3 86 5
3 87 9
3 88 14
3 89 15
3 90 15
3 91 15
3 92 12
3 93 12
3 94 16
3 95 20
3 96 20
3 97 5
3 98 5
3 99 9
4 0 19
4 1 20
4 2 15
4 3 6
4 5 8
4 6 9
4 7 9
4 8 10
4 9 3
4 10 17
4 11 4
4 12 3
4 13 2
4 14 20
4 15 6
4 16 6
4 17 12
4 18 11
4 19 18
4 20 6
4 21 13
4 22 4
4 23 8
4 24 20
4 25 10
4 26 5
4 27 20
4 28 12
4 29 1
4 30 17
4 31 9
4 32 7
4 33 18
4 34 15
4 35 15
4 36 20
4 37 20
4 38 15
4 39 11
4 40 19
4 41 18
4 42 12
4 43 13
4 44 17
4 45 13
4 46 19
4 47 19
4 48 18
4 49 16
4 50 17
4 51 4
4 52 4
4 53 13
4 54 14
4 55 3
4 56 13
4 57 2
4 58 5
4 59 11
4 60 2
4 61 2
4 62 3
4 63 18
4 64 2
4 65 2
4 66 6
4 67 9
4 68 13
4 69 2
4 70 13
4 71 2
4 72 9
4 73 12
4 74 9
4 75 19
4 76 6
4 77 4
4 78 9
4 79 9
4 80 19
4 81 11
4 82 9
4 83 18
4 84 9
4 85 16
4 86 15
4 87 11
4 88 20
4 89 9
4 90 13
4 91 1
4 92 15
4 93 20
4 94 4
4 95 11
4 96 19
4 97 15
4 98 2
4 99 7
5 0 18
5 1 17
5 2 4
5 3 10
5 4 8
5 6 6
5 7 4
5 8 20
5 9 12
5 10 3
5 11 19
5 12 10
5 13 13
5 14 5
5 15 8
5 16 19
5 17 8
5 18 16
5 19 20
5 20 17
5 21 8
5 22 2
5 23 19
5 24 17
5 25 16
5 26 17
5 27 3
5 28 8
5 29 17
5 30 12
5 31 11
5 32 15
5 33 14
5 34 9
5 35 13
5 36 1
5 37 18
5 38 8
5 39 18
5 40 12
5 41 8
5 42 8
5 43 9
5 44 10
5 45 15
5 46 11
5 47 5
5 48 17
5 49 17
5 50 12
5 51 12
5 52 6
5 53 4
5 54 6
5 55 16
5 56 19
5 57 1
5 58 18
5 59 13
5 60 14
5 61 1
5 62 18
5 63 10
5 64 14
5 65 7
5 66 14
5 67 16
5 68 6
5 69 20
5 70 16
5 71 18
5 72 14
5 73 3
5 74 5
5 75 13
5 76 14
5 77 19
5 78 19
5 79 5
5 80 9
5 81 7
5 82 10
5 83 14
5 84 8
5 85 13
5 86 14
5 87 11
5 88 12
5 89 17
5 90 6
5 91 14
5 92 18
5 93 8
5 94 5
5 95 12
5 96 18
5 97 14
5 98 14
5 99 7
6 0 8
6 1 7
6 2 5
6 3 4
6 4 9
6 5 6
6 7 6
6 8 4
6 9 14
6 10 1
6 11 3
6 12 4
6 13 8
6 14 10
6 15 8
6 16 4
6 17 5
6 18 15
6 19 14
6 20 11
6 21 4
6 22 4
6 23 10
6 24 10
6 25 13
6 26 12
6 27 16
6 28 4
6 29 6
6 30 2
6 31 9
6 32 1
6 33 18
6 34 3
6 35 8
6 36 17
6 37 8
6 38 10
6 39 19
6 40 19
6 41 17
6 42 6
6 43 10
6 44 2
6 45 3
6 46 3
6 47 12
6 48 5
6 49 13
6 50 5
6 51 15
6 52 14
6 53 1
6 54 7
6 55 9
6 56 6
6 57 6
6 58 13
6 59 9
6 60 9
6 61 19
6 62 16
6 63 5
6 64 20
6 65 20
6 66 17
6 67 4
6 68 15
6 69 1
6 70 11
6 71 16
6 72 11
6 73 17
6 74 18
6 75 9
6 76 11
6 77 4
6 78 16
6 79 7
6 80 6
6 81 7
6 82 12
6 83 15
6 84 15
6 85 18
6 86 16
6 87 15
6 88 14
6 89 7
6 90 3
6 91 17
6 92 14
6 93 10
6 94 2
6 95 16
6 96 10
6 97 7
6 98 19
6 99 10
7 0 20
7 1 3
7 2 17
7 3 7
7 4 9
7 5 4
7 6 6
7 8 10
7 9 9
7 10 3
7 11 7
7 12 3
7 13 9
7 14 4
7 15 12
7 16 6
7 17 11
7 18 16
7 19 18
7 20 7
7 21 16
7 22 17
7 23 3
7 24 6
7 25 14
7 26 2
7 27 12
7 28 11
7 29 10
7 30 4
7 31 19
7 32 18
7 33 4
7 34 10
7 35 11
7 36 13
7 37 20
7 38 4
7 39 3
7 40 5
7 41 13
7 42 10
7 43 1
7 44 12
7 45 9
7 46 11
7 47 5
7 48 4
7 49 19
7 50 7
7 51 2
7 52 13
7 53 19
7 54 2
7 55 12
7 56 12
7 57 7
7 58 15
7 59 3
7 60 5
7 61 1
7 62 18
7 63 10
7 64 20
7 65 1
7 66 5
7 67 5
7 68 8
7 69 17
7 70 15
7 71 20
7 72 14
7 73 4
7 74 6
7 75 8
7 76 19
7 77 1
7 78 5
7 79 17
7 80 5
7 81 3
7 82 3
7 83 3
7 84 19
7 85 7
7 86 16
7 87 10
7 88 4
7 89 6
7 90 6
7 91 1
7 92 4
7 93 9
7 94 2
7 95 13
7 96 19
7 97 20
7 98 11
7 99 13
8 0 4
8 1 19
8 2 4
8 3 18
8 4 10
8 5 20
8 6 4
8 7 10
8 9 11
8 10 10
8 11 12
8 12 12
8 13 8
8 14 20
8 15 3
8 16 3
8 17 15
8 18 11
8 19 5
8 20 15
8 21 17
8 22 14
8 23 16
8 24 14
8 25 17
8 26 15
8 27 13
8 28 10
8 29 7
8 30 7
8 31 5
8 32 19
8 33 2
8 34 20
8 35 1
8 36 9
8 37 1
8 38 1
8 39 3
8 40 6
8 41 8
8 42 18
8 43 7
8 44 12
8 45 1
8 46 2
8 47 14
8 48 4
8 49 13
8 50 20
8 51 10
8 52 4
8 53 12
8 54 1
8 55 3
8 56 15
8 57 2
8 58 8
8 59 15
8 60 19
8 61 15
8 62 7
8 63 12
8 64 17
8 65 16
8 66 7
8 67 5
8 68 4
8 69 16
8 70 14
8 71 20
8 72 18
8 73 13
8 74 2
8 75 18
8 76 4
8 77 10
8 78 19
8 79 10
8 80 3
8 81 13
8 82 8
8 83 10
8 84 9
8 85 19
8 86 2
8 87 13
8 88 10
8 89 5
8 90 19
8 91 5
8 92 4
8 93 12
8 94 17
8 95 17
8 96 20
8 97 7
8 98 20
8 99 18
9 0 8
9 1 8
9 2 18
9 3 1
9 4 3
9 5 12
9 6 14
9 7 9
9 8 11
9 10 20
9 11 18
9 12 11
9 13 4
9 14 9
9 15 17
9 16 14
9 17 2
9 18 8
9 19 10
9 20 2
9 21 19
9 22 17
9 23 13
9 24 20
9 25 14
9 26 12
9 27 7
9 28 12
9 29 3
9 30 17
9 31 16
9 32 4
9 33 14
9 34 5
9 35 18
9 36 12
9 37 9
9 38 14
9 39 6
9 40 9
9 41 5
9 42 11
9 43 7
9 44 5
9 45 15
9 46 18
9 47 17
9 48 11
9 49 11
9 50 12
9 51 1
9 52 19
9 53 1
9 54 20
9 55 2
9 56 11
9 57 8
9 58 10
9 59 7
9 60 3
9 61 11
9 62 4
9 63 19
9 64 17
9 65 10
9 66 13
9 67 8
9 68 6
9 69 2
9 70 14
9 71 11
9 72 2
9 73 7
9 74 10
9 75 1
9 76 16
9 77 3
9 78 20
9 79 20
9 80 15
9 81 2
9 82 2
9 83 20
9 84 1
9 85 19
9 86 14
9 87 7
9 88 5
9 89 15
9 90 17
9 91 18
9 92 4
9 93 20
9 94 9
9 95 1
9 96 3
9 97 17
9 98 11
9 99 19
10 0 14
10 1 15
10 2 11
10 3 7
10 4 17
10 5 3
10 6 1
10 7 3
10 8 10
10 9 20
10 11 15
10 12 16
10 13 6
10 14 8
10 15 14
10 16 9
10 17 19
10 18 8
10 19 19
10 20 7
10 21 6
10 22 17
10 23 17
10 24 4
10 25 3
10 26 3
10 27 16
10 28 19
10 29 5
10 30 8
10 31 8
10 32 13
10 33 9
10 34 2
10 35 20
10 36 20
10 37 13
10 38 10
10 39 19
10 40 19
10 41 6
10 42 14
10 43 12
10 44 10
10 45 17
10 46 11
10 47 18
10 48 3
10 49 5
10 50 8
10 51 4
10 52 6
10 53 6
10 54 2
10 55 15
10 56 6
10 57 5
10 58 14
10 59 11
10 60 17
10 61 14
10 62 3
10 63 4
10 64 20
10 65 14
10 66 11
10 67 17
10 68 11
10 69 8
10 70 19
10 71 4
10 72 3
10 73 14
10 74 20
10 75 16
10 76 13
10 77 15
10 78 20
10 79 16
10 80 19
10 81 4
10 82 13
10 83 14
10 84 1
10 85 11
10 86 15
10 87 19
10 88 10
10 89 1
10 90 13
10 91 16
10 92 17
10 93 7
10 94 10
10 95 14
10 96 6
10 97 3
10 98 1
10 99 8
11 0 4
11 1 15
11 2 3
11 3 8
11 4 4
11 5 19
11 6 3
11 7 7
11 8 12
11 9 18
11 10 15
11 12 6
11 13 17
11 14 8
11 15 5
11 16 18
11 17 10
11 18 14
11 19 9
11 20 5
11 21 8
11 22 4
11 23 19
11 24 2
11 25 4
11 26 2
11 27 16
11 28 9
11 29 1
11 30 10
11 31 2
11 32 11
11 33 20
11 34 10
11 35 15
11 36 12
11 37 18
11 38 1
11 39 13
11 40 13
11 41 7
11 42 4
11 43 10
11 44 2
11 45 8
11 46 1
11 47 6
11 48 16
11 49 19
11 50 13
11 51 12
11 52 16
11 53 2
11 54 17
11 55 20
11 56 6
11 57 9
11 58 18
11 59 11
11 60 17
11 61 1
11 62 12
11 63 4
11 64 11
11 65 14
11 66 1
11 67 15
11 68 7
11 69 8
11 70 18
11 71 20
11 72 6
11 73 8
11 74 4
11 75 13
11 76 19
11 77 1
11 78 16
11 79 18
11 80 7
11 81 6
11 82 5
11 83 14
11 84 11
11 85 7
11 86 12
11 87 7
11 88 16
11 89 6
11 90 4
11 91 2
11 92 15
11 93 16
11 94 19
11 95 17
11 96 7
11 97 9
11 98 3
11 99 5
12 0 17
12 1 12
12 2 10
12 3 19
12 4 3
12 5 10
12 6 4
12 7 3
12 8 12
12 9 11
12 10 16
12 11 6
12 13 18
12 14 13
12 15 11
12 16 18
12 17 16
12 18 6
12 19 6
12 20 17
12 21 16
12 22 19
12 23 2
12 24 17
12 25 6
12 26 20
12 27 2
12 28 8
12 29 2
12 30 13
12 31 14
12 32 18
12 33 5
12 34 20
12 35 14
12 36 9
12 37 11
12 38 18
12 39 17
12 40 3
12 41 2
12 42 14
12 43 8
12 44 13
12 45 9
12 46 8
12 47 6
12 48 15
12 49 18
12 50 20
12 51 18
12 52 10
12 53 2
12 54 10
12 55 10
12 56 8
12 57 10
12 58 12
12 59 12
12 60 20
12 61 14
12 62 1
12 63 9
12 64 10
12 65 15
12 66 13
12 67 14
12 68 5
12 69 15
12 70 10
12 71 3
12 72 5
12 73 14
12 74 2
12 75 1
12 76 7
12 77 3
12 78 12
12 79 7
12 80 13
12 81 4
12 82 12
12 83 2
12 84 9
12 85 3
12 86 6
12 87 19
12 88 16
12 89 5
12 90 16
12 91 3
12 92 1
12 93 9
12 94 16
12 95 3
12 96 8
12 97 10
12 98 6
12 99 1
13 0 11
13 1 4
13 2 15
13 3 10
13 4 2
13 5 13
13 6 8
13 7 9
13 8 8
13 9 4
13 10 6
13 11 17
13 12 18
13 14 9
13 15 18
13 16 2
13 17 15
13 18 11
13 19 3
13 20 19
13 21 14
13 22 1
13 23 8
13 24 2
13 25 12
13 26 13
13 27 7
13 28 15
13 29 14
13 30 3
13 31 18
13 32 15
13 33 5
13 34 3
13 35 12
13 36 6
13 37 5
13 38 6
13 39 13
13 40 5
13 41 6
13 42 19
13 43 7
13 44 14
13 45 13
13 46 3
13 47 19
13 48 7
13 49 19
13 50 15
13 51 16
13 52 12
13 53 16
13 54 8
13 55 2
13 56 7
13 57 8
13 58 10
13 59 1
13 60 15
13 61 12
13 62 7
13 63 7
13 64 11
13 65 19
13 66 9
13 67 5
13 68 11
13 69 2
13 70 3
13 71 19
13 72 9
13 73 7
13 74 6
13 75 15
13 76 16
13 77 3
13 78 7
13 79 6
13 80 3
13 81 1
13 82 20
13 83 19
13 84 14
13 85 14
13 86 3
13 87 10
13 88 6
13 89 4
13 90 12
13 91 3
13 92 13
13 93 8
13 94 3
13 95 14
13 96 16
13 97 17
13 98 8
13 99 12
14 0 20
14 1 14
14 2 2
14 3 14
14 4 20
14 5 5
14 6 10
14 7 4
14 8 20
14 9 9
14 10 8
14 11 8
14 12 13
14 13 9
14 15 17
14 16 2
14 17 20
14 18 10
14 19 20
14 20 7
14 21 15
14 22 2
14 23 10
14 24 7
14 25 8
14 26 2
14 27 10
14 28 13
14 29 8
14 30 17
14 31 11
14 32 6
14 33 14
14 34 18
14 35 7
14 36 9
14 37 12
14 38 19
14 39 2
14 40 9
14 41 12
14 42 16
14 43 2
14 44 18
14 45 5
14 46 16
14 47 12
14 48 10
14 49 15
14 50 19
14 51 5
14 52 14
14 53 7
14 54 10
14 55 9
14 56 12
14 57 15
14 58 11
14 59 12
14 60 6
14 61 12
14 62 18
14 63 5
14 64 8
14 65 7
14 66 17
14 67 7
14 68 10
14 69 13
14 70 15
14 71 15
14 72 3
14 73 3
14 74 7
14 75 18
14 76 5
14 77 7
14 78 1
14 79 17
14 80 9
14 81 1
14 82 9
14 83 4
14 84 20
14 85 14
14 86 10
14 87 17
14 88 3
14 89 10
14 90 7
14 91 13
14 92 8
14 93 20
14 94 20
14 95 10
14 96 16
14 97 9
14 98 6
14 99 4
15 0 15
15 1 13
15 2 3
15 3 9
15 4 6
15 5 8
15 6 8
15 7 12
15 8 3
15 9 17
15 10 14
15 11 5
15 12 11
15 13 18
15 14 17
15 16 16
15 17 3
15 18 6
15 19 12
15 20 8
15 21 18
15 22 10
15 23 8
15 24 1
15 25 18
15 26 10
15 27 3
15 28 3
15 29 12
15 30 20
15 31 18
15 32 3
15 33 14
15 34 4
15 35 20
15 36 11
15 37 17
15 38 11
15 39 6
15 40 7
15 41 12
15 42 2
15 43 16
15 44 3
15 45 4
15 46 9
15 47 3
15 48 13
15 49 3
15 50 8
15 51 6
15 52 13
15 53 11
15 54 8
15 55 15
15 56 15
15 57 9
15 58 1
15 59 2
15 60 3
15 61 20
15 62 14
15 63 15
15 64 15
15 65 12
15 66 15
15 67 4
15 68 17
15 69 2
15 70 13
15 71 3
15 72 6
15 73 13
15 74 10
15 75 13
15 76 4
15 77 13
15 78 15
15 79 6
15 80 6
15 81 6
15 82 16
15 83 19
15 84 10
15 85 18
15 86 11
15 87 15
15 88 19
15 89 16
15 90 1
15 91 20
15 92 18
15 93 11
15 94 11
15 95 18
15 96 19
15 97 4
15 98 9
15 99 11
16 0 15
16 1 19
16 2 7
16 3 5
16 4 6
16 5 19
16 6 4
16 7 6
16 8 3
16 9 14
16 10 9
16 11 18
16 12 18
16 13 2
16 14 2
16 15 16
16 17 10
16 18 11
16 19 4
16 20 13
16 21 15
16 22 4
16 23 13
16 24 17
16 25 3
16 26 15
16 27 11
16 28 18
16 29 19
16 30 15
16 31 12
16 32 6
16 33 5
16 34 20
16 35 16
16 36 6
16 37 18
16 38 5
16 39 17
16 40 5
16 41 5
16 42 15
16 43 9
16 44 8
16 45 4
16 46 13
16 47 2
16 48 4
16 49 11
16 50 5
16 51 1
16 52 17
16 53 14
16 54 4
16 55 5
16 56 2
16 57 11
16 58 8
16 59 3
16 60 4
16 61 16
16 62 3
16 63 15
16 64 7
16 65 2
16 66 20
16 67 1
16 68 14
16 69 16
16 70 15
16 71 13
16 72 5
16 73 1
16 74 8
16 75 10
16 76 11
16 77 5
16 78 17
16 79 17
16 80 11
16 81 18
16 82 15
16 83 6
16 84 12
16 85 19
16 86 2
16 87 12
16 88 20
16 89 16
16 90 17
16 91 20
16 92 2
16 93 14
16 94 12
16 95 1
16 96 1
16 97 10
16 98 12
16 99 5
17 0 10
17 1 10
17 2 4
17 3 16
17 4 12
17 5 8
17 6 5
17 7 11
17 8 15
17 9 2
17 10 19
17 11 10
17 12 16
17 13 15
17 14 20
17 15 3
17 16 10
17 18 14
17 19 4
17 20 12
17 21 8
17 22 14
17 23 15
17 24 19
17 25 2
17 26 2
17 27 14
17 28 8
17 29 9
17 30 17
17 31 14
17 32 1
17 33 6
17 34 17
17 35 18
17 36 7
17 37 10
17 38 2
17 39 5
17 40 16
17 41 6
17 42 16
17 43 18
17 44 4
17 45 3
17 46 4
17 47 15
17 48 14
17 49 5
17 50 8
17 51 2
17 52 16
17 53 10
17 54 12
17 55 15
17 56 1
17 57 5
17 58 12
17 59 7
17 60 1
17 61 6
17 62 11
17 63 3
17 64 10
17 65 10
17 66 16
17 67 2
17 68 8
17 69 20
17 70 15
17 71 19
17 72 14
17 73 2
17 74 2
17 75 19
17 76 20
17 77 6
17 78 10
17 79 12
17 80 1
17 81 9
17 82 10
17 83 19
17 84 10
17 85 9
17 86 8
17 87 11
17 88 6
17 89 12
17 90 12
17 91 20
17 92 10
17 93 17
17 94 20
17 95 6
17 96 15
17 97 20
17 98 11
17 99 16
18 0 2
18 1 13
18 2 19
18 3 6
18 4 11
18 5 16
18 6 15
18 7 16
18 8 11
18 9 8
18 10 8
18 11 14
18 12 6
18 13 11
18 14 10
18 15 6
18 16 11
18 17 14
18 19 6
18 20 10
18 21 16
18 22 20
18 23 7
18 24 11
18 25 18
18 26 16
18 27 7
18 28 4
18 29 17
18 30 11
18 31 18
18 32 2
18 33 10
18 34 18
18 35 20
18 36 7
18 37 11
18 38 18
18 39 4
18 40 15
18 41 17
18 42 1
18 43 9
18 44 13
18 45 8
18 46 11
18 47 7
18 48 4
18 49 13
18 50 18
18 51 3
18 52 4
18 53 17
18 54 11
18 55 16
18 56 13
18 57 10
18 58 5
18 59 15
18 60 9
18 61 16
18 62 4
18 63 13
18 64 16
18 65 1
18 66 17
18 67 1
18 68 16
18 69 16
18 70 12
18 71 5
18 72 13
18 73 9
18 74 5
18 75 9
18 76 1
18 77 15
18 78 16
18 79 1
18 80 17
18 81 6
18 82 20
18 83 15
18 84 15
18 85 3
18 86 11
18 87 14
18 88 18
18 89 19
18 90 14
18 91 17
18 92 10
18 93 6
18 94 18
18 95 11
18 96 20
18 97 7
18 98 17
18 99 12
19 0 10
19 1 17
19 2 10
19 3 3
19 4 18
19 5 20
19 6 14
19 7 18
19 8 5
19 9 10
19 10 19
19 11 9
19 12 6
19 13 3
19 14 20
19 15 12
19 16 4
19 17 4
19 18 6
19 20 13
19 21 6
19 22 14
19 23 16
19 24 5
19 25 1
19 26 7
19 27 12
19 28 11
19 29 3
19 30 17
19 31 4
19 32 18
19 33 10
19 34 10
19 35 2
19 36 8
19 37 5
19 38 4
19 39 14
19 40 10
19 41 6
19 42 6
19 43 9
19 44 14
19 45 6
19 46 7
19 47 3
19 48 13
19 49 5
19 50 19
19 51 3
19 52 8
19 53 16
19 54 20
19 55 14
19 56 13
19 57 1
19 58 1
19 59 7
19 60 19
19 61 2
19 62 12
19 63 3
19 64 19
19 65 12
19 66 14
19 67 10
19 68 16
19 69 8
19 70 8
19 71 3
19 72 16
19 73 16
19 74 11
19 75 9
19 76 20
19 77 20
19 78 12
19 79 10
19 80 8
19 81 10
19 82 10
19 83 20
19 84 6
19 85 7
19 86 17
19 87 18
19 88 16
19 89 11
19 90 8
19 91 1
19 92 6
19 93 2
19 94 9
19 95 14
19 96 3
19 97 5
19 98 7
19 99 14
20 0 6
20 1 1
20 2 20
20 3 5
20 4 6
20 5 17
20 6 11
20 7 7
20 8 15
20 9 2
20 10 7
20 11 5
20 12 17
20 13 19
20 14 7
20 15 8
20 16 13
20 17 12
20 18 10
20 19 13
20 21 17
20 22 5
20 23 17
20 24 11
20 25 8
20 26 1
20 27 10
20 28 9
20 29 1
20 30 2
20 31 15
20 32 2
20 33 5
20 34 7
20 35 7
20 36 10
20 37 4
20 38 12
20 39 7
20 40 1
20 41 17
20 42 4
20 43 4
20 44 2
20 45 13
20 46 3
20 47 12
20 48 20
20 49 11
20 50 20
20 51 15
20 52 5
20 53 16
20 54 15
20 55 1
20 56 12
20 57 5
20 58 14
20 59 3
20 60 4
20 61 14
20 62 15
20 63 17
20 64 17
20 65 4
20 66 10
20 67 5
20 68 6
20 69 7
20 70 20
20 71 4
20 72 17
20 73 18
20 74 20
20 75 14
20 76 15
20 77 4
20 78 11
20 79 20
20 80 19
20 81 15
20 82 18
20 83 7
20 84 15
20 85 15
20 86 15
20 87 19
20 88 8
20 89 13
20 90 5
20 91 16
20 92 2
20 93 18
20 94 3
20 95 13
20 96 14
20 97 8
20 98 7
20 99 15
21 0 17
21 1 1
21 2 17
21 3 11
21 4 13
21 5 8
21 6 4
21 7 16
21 8 17
21 9 19
21 10 6
21 11 8
21 12 16
21 13 14
21 14 15
21 15 18
21 16 15
21 17 8
21 18 16
21 19 6
21 20 17
21 22 9
21 23 7
21 24 16
21 25 14
21 26 1
21 27 6
21 28 19
21 29 10
21 30 13
21 31 19
21 32 11
21 33 11
21 34 5
21 35 15
21 36 15
21 37 3
21 38 15
21 39 11
21 40 10
21 41 3
21 42 4
21 43 2
21 44 7
21 45 1
21 46 9
21 47 16
21 48 14
21 49 10
21 50 9
21 51 4
21 52 10
21 53 18
21 54 5
21 55 3
21 56 1
21 57 13
21 58 10
21 59 9
21 60 13
21 61 19
21 62 3
21 63 2
21 64 7
21 65 10
21 66 13
21 67 3
21 68 16
21 69 17
21 70 5
21 71 13
21 72 18
21 73 20
21 74 5
21 75 20
21 76 10
21 77 14
21 78 7
21 79 6
21 80 6
21 81 2
21 82 4
21 83 19
21 84 17
21 85 19
21 86 11
21 87 19
21 88 10
21 89 9
21 90 8
21 91 8
21 92 13
21 93 11
21 94 17
21 95 14
21 96 4
21 97 8
21 98 10
21 99 6
22 0 1
22 1 13
22 2 12
22 3 15
22 4 4
22 5 2
22 6 4
22 7 17
22 8 14
22 9 17
22 10 17
22 11 4
22 12 19
22 13 1
22 14 2
22 15 10
22 16 4
22 17 14
22 18 20
22 19 14
22 20 5
22 21 9
22 23 6
22 24 14
22 25 20
22 26 20
22 27 20
22 28 7
22 29 4
22 30 12
22 31 3
22 32 18
22 33 13
22 34 5
22 35 3
22 36 8
22 37 7
22 38 17
22 39 20
22 40 15
22 41 16
22 42 20
22 43 1
22 44 8
22 45 15
22 46 4
22 47 2
22 48 3
22 49 3
22 50 15
22 51 9
22 52 13
22 53 5
22 54 8
22 55 8
22 56 16
22 57 7
22 58 18
22 59 4
22 60 2
22 61 5
22 62 11
22 63 8
22 64 8
22 65 6
22 66 2
22 67 8
22 68 12
22 69 3
22 70 12
22 71 16
22 72 12
22 73 13
22 74 18
22 75 14
22 76 9
22 77 18
22 78 11
22 79 11
22 80 19
22 81 12
22 82 10
22 83 15
22 84 17
22 85 6
22 86 5
22 87 4
22 88 12
22 89 8
22 90 7
22 91 20
22 92 11
22 93 12
22 94 18
22 95 2
22 96 8
22 97 15
22 98 16
22 99 10
23 0 4
23 1 14
23 2 18
23 3 5
23 4 8
23 5 19
23 6 10
23 7 3
23 8 16
23 9 13
23 10 17
23 11 19
23 12 2
23 13 8
23 14 10
23 15 8
23 16 13
23 17 15
23 18 7
23 19 16
23 20 17
23 21 7
23 22 6
23 24 6
23 25 11
23 26 14
23 27 13
23 28 10
23 29 6
23 30 19
23 31 15
23 32 6
23 33 2
23 34 4
23 35 6
23 36 10
23 37 4
23 38 3
23 39 4
23 40 3
23 41 6
23 42 15
23 43 10
23 44 1
23 45 20
23 46 3
23 47 1
23 48 5
23 49 20
23 50 13
23 51 11
23 52 6
23 53 9
23 54 11
23 55 9
23 56 17
23 57 4
23 58 15
23 59 14
23 60 15
23 61 14
23 62 17
23 63 9
23 64 7
23 65 20
23 66 6
23 67 12
23 68 1
23 69 20
23 70 12
23 71 7
23 72 14
23 73 19
23 74 4
23 75 19
23 76 6
23 77 5
23 78 7
23 79 16
23 80 8
23 81 6
23 82 10
23 83 10
23 84 7
23 85 5
23 86 20
23 87 10
23 88 5
23 89 19
23 90 1
23 91 8
23 92 20
23 93 2
23 94 8
23 95 17
23 96 19
23 97 11
23 98 5
23 99 2
24 0 19
24 1 1
24 2 8
24 3 4
24 4 20
24 5 17
24 6 10
24 7 6
24 8 14
24 9 20
24 10 4
24 11 2
24 12 17
24 13 2
24 14 7
24 15 1
24 16 17
24 17 19
24 18 11
24 19 5
24 20 11
24 21 16
24 22 14
24 23 6
24 25 19
24 26 3
24 27 3
24 28 3
24 29 16
24 30 5
24 31 19
24 32 3
24 33 4
24 34 5
24 35 1
24 36 19
24 37 12
24 38 17
24 39 18
24 40 11
24 41 17
24 42 20
24 43 3
24 44 12
24 45 8
24 46 7
24 47 2
24 48 18
24 49 12
24 50 15
24 51 8
24 52 9
24 53 19
24 54 3
24 55 14
24 56 11
24 57 16
24 58 12
24 59 20
24 60 18
24 61 4
24 62 10
24 63 4
24 64 1
24 65 2
24 66 9
24 67 11
24 68 4
24 69 2
24 70 1
24 71 15
24 72 1
24 73 15
24 74 10
24 75 7
24 76 3
24 77 2
24 78 18
24 79 2
24 80 18
24 81 6
24 82 17
24 83 19
24 84 13
24 85 16
24 86 19
24 87 18
24 88 7
24 89 16
24 90 7
24 91 11
24 92 7
24 93 4
24 94 19
24 95 6
24 96 12
24 97 10
24 98 6
24 99 20
25 0 4
25 1 20
25 2 20
25 3 15
25 4 10
25 5 16
25 6 13
25 7 14
25 8 17
25 9 14
25 10 3
25 11 4
25 12 6
25 13 12
25 14 8
25 15 18
25 16 3
25 17 2
25 18 18
25 19 1
25 20 8
25 21 14
25 22 20
25 23 11
25 24 19
25 26 2
25 27 13
25 28 7
25 29 2
25 30 18
25 31 1
25 32 8
25 33 4
25 34 20
25 35 19
25 36 8
25 37 15
25 38 1
25 39 19
25 40 20
25 41 4
25 42 3
25 43 6
25 44 16
25 45 12
25 46 10
25 47 4
25 48 4
25 49 10
25 50 17
25 51 7
25 52 5
25 53 6
25 54 18
25 55 17
25 56 18
25 57 1
25 58 18
25 59 20
25 60 15
25 61 5
25 62 9
25 63 7
25 64 9
25 65 3
25 66 7
25 67 3
25 68 10
25 69 19
25 70 3
25 71 13
25 72 11
25 73 11
25 74 15
25 75 14
25 76 5
25 77 3
25 78 11
25 79 2
25 80 12
25 81 13
25 82 19
25 83 14
25 84 6
25 85 4
25 86 13
25 87 6
25 88 10
25 89 13
25 90 11
25 91 2
25 92 16
25 93 11
25 94 15
25 95 1
25 96 2
25 97 10
25 98 16
25 99 19
26 0 5
26 1 4
26 2 6
26 3 7
26 4 5
26 5 17
26 6 12
26 7 2
26 8 15
26 9 12
26 10 3
26 11 2
26 12 20
26 13 13
26 14 2
26 15 10
26 16 15
26 17 2
26 18 16
26 19 7
26 20 1
26 21 1
26 22 20
26 23 14
26 24 3
26 25 2
26 27 3
26 28 8
26 29 11
26 30 2
26 31 12
26 32 19
26 33 8
26 34 6
26 35 9
26 36 6
26 37 2
26 38 11
26 39 16
26 40 8
26 41 17
26 42 2
26 43 6
26 44 6
26 45 3
26 46 2
26 47 10
26 48 15
26 49 18
26 50 13
26 51 4
26 52 15
26 53 2
26 54 11
26 55 2
26 56 12
26 57 3
26 58 3
26 59 9
26 60 8
26 61 4
26 62 8
26 63 8
26 64 2
26 65 18
26 66 4
26 67 16
26 68 14
26 69 16
26 70 13
26 71 8
26 72 8
26 73 19
26 74 15
26 75 1
26 76 14
26 77 13
26 78 13
26 79 2
26 80 18
26 81 4
26 82 9
26 83 9
26 84 9
26 85 7
26 86 1
26 87 18
26 88 12
26 89 15
26 90 20
26 91 1
26 92 2
26 93 9
26 94 17
26 95 11
26 96 8
26 97 3
26 98 18
26 99 6
27 0 10
27 1 8
27 2 7
27 3 19
27 4 20
27 5 3
27 6 16
27 7 12
27 8 13
27 9 7
27 10 16
27 11 16
27 12 2
27 13 7
27 14 10
27 15 3
27 16 11
27 17 14
27 18 7
27 19 12
27 20 10
27 21 6
27 22 20
27 23 13
27 24 3
27 25 13
27 26 3
27 28 18
27 29 17
27 30 4
27 31 6
27 32 19
27 33 4
27 34 10
27 35 20
27 36 18
27 37 18
27 38 2
27 39 1
27 40 18
27 41 17
27 42 16
27 43 9
27 44 20
27 45 15
27 46 9
27 47 9
27 48 6
27 49 12
27 50 14
27 51 11
27 52 3
27 53 9
27 54 1
27 55 2
27 56 11
27 57 2
27 58 20
27 59 6
27 60 16
27 61 20
27 62 17
27 63 13
27 64 4
27 65 15
27 66 1
27 67 8
27 68 8
27 69 2
27 70 15
27 71 9
27 72 8
27 73 15
27 74 8
27 75 4
27 76 19
27 77 18
27 78 12
27 79 3
27 80 7
27 81 7
27 82 8
27 83 19
27 84 19
27 85 18
27 86 14
27 87 3
27 88 18
27 89 10
27 90 19
27 91 12
27 92 6
27 93 16
27 94 20
27 95 7
27 96 6
27 97 12
27 98 3
27 99 16
28 0 11
28 1 8
28 2 10
28 3 5
28 4 12
28 5 8
28 6 4
28 7 11
28 8 10
28 9 12
28 10 19
28 11 9
28 12 8
28 13 15
28 14 13
28 15 3
28 16 18
28 17 8
28 18 4
28 19 11
28 20 9
28 21 19
28 22 7
28 23 10
28 24 3
28 25 7
28 26 8
28 27 18
28 29 19
28 30 15
28 31 18
28 32 10
28 33 9
28 34 16
28 35 8
28 36 12
28 37 12
28 38 11
28 39 18
28 40 12
28 41 19
28 42 12
28 43 5
28 44 20
28 45 14
28 46 9
28 47 6
28 48 19
28 49 4
28 50 17
28 51 16
28 52 3
28 53 6
28 54 5
28 55 16
28 56 6
28 57 8
28 58 9
28 59 9
28 60 2
28 61 20
28 62 11
28 63 13
28 64 10
28 65 18
28 66 9
28 67 19
28 68 9
28 69 5
28 70 12
28 71 17
28 72 5
28 73 7
28 74 6
28 75 10
28 76 19
28 77 8
28 78 3
28 79 12
28 80 14
28 81 9
28 82 10
28 83 1
28 84 1
28 85 6
28 86 7
28 87 2
28 88 20
28 89 14
28 90 20
28 91 13
28 92 13
28 93 14
28 94 20
28 95 1
28 96 16
28 97 9
28 98 17
28 99 20
29 0 16
29 1 9
29 2 9
29 3 1
29 4 1
29 5 17
29 6 6
29 7 10
29 8 7
29 9 3
29 10 5
29 11 1
29 12 2
29 13 14
29 14 8
29 15 12
29 16 19
29 17 9
29 18 17
29 19 3
29 20 1
29 21 10
29 22 4
29 23 6
29 24 16
29 25 2
29 26 11
29 27 17
29 28 19
29 30 9
29 31 7
29 32 18
29 33 16
29 34 6
29 35 17
29 36 10
29 37 20
29 38 19
29 39 15
29 40 18
29 41 9
29 42 11
29 43 16
29 44 18
29 45 6
29 46 17
29 47 9
29 48 6
29 49 20
29 50 4
29 51 14
29 52 4
29 53 20
29 54 17
29 55 9
29 56 10
29 57 12
29 58 8
29 59 8
29 60 2
29 61 11
29 62 14
29 63 13
29 64 11
29 65 10
29 66 16
29 67 6
29 68 16
29 69 6
29 70 5
29 71 2
29 72 4
29 73 1
29 74 9
29 75 1
29 76 18
29 77 11
29 78 6
29 79 7
29 80 15
29 81 5
29 82 14
29 83 12
29 84 4
29 85 6
29 86 3
29 87 17
29 88 10
29 89 13
29 90 20
29 91 11
29 92 14
29 93 17
29 94 18
29 95 10
29 96 8
29 97 4
29 98 5
29 99 4
30 0 7
30 1 1
30 2 6
30 3 14
30 4 17
30 5 12
30 6 2
30 7 4
30 8 7
30 9 17
30 10 8
30 11 10
30 12 13
30 13 3
30 14 17
30 15 20
30 16 15
30 17 17
30 18 11
30 19 17
30 20 2
30 21 13
30 22 12
30 23 19
30 24 5
30 25 18
30 26 2
30 27 4
30 28 15
30 29 9
30 31 3
30 32 1
30 33 4
30 34 15
30 35 5
30 36 19
30 37 15
30 38 14
30 39 20
30 40 19
30 41 18
30 42 17
30 43 17
30 44 8
30 45 7
30 46 12
30 47 20
30 48 14
30 49 15
30 50 10
30 51 18
30 52 9
30 53 15
30 54 17
30 55 14
30 56 10
30 57 10
30 58 11
30 59 12
30 60 5
30 61 9
30 62 10
30 63 11
30 64 1
30 65 20
30 66 17
30 67 14
30 68 5
30 69 16
30 70 13
30 71 18
30 72 6
30 73 12
30 74 11
30 75 1
30 76 10
30 77 1
30 78 4
30 79 6
30 80 11
30 81 1
30 82 20
30 83 4
30 84 9
30 85 11
30 86 7
30 87 10
30 88 13
30 89 20
30 90 19
30 91 19
30 92 8
30 93 5
30 94 5
30 95 20
30 96 7
30 97 9
30 98 2
30 99 13
31 0 6
31 1 1
31 2 18
31 3 16
31 4 9
31 5 11
31 6 9
31 7 19
31 8 5
31 9 16
31 10 8
31 11 2
31 12 14
31 13 18
31 14 11
31 15 18
31 16 12
31 17 14
31 18 18
31 19 4
31 20 15
31 21 19
31 22 3
31 23 15
31 24 19
31 25 1
31 26 12
31 27 6
31 28 18
31 29 7
31 30 3
31 32 6
31 33 2
31 34 16
31 35 8
31 36 12
31 37 14
31 38 3
31 39 6
31 40 7
31 41 3
31 42 4
31 43 8
31 44 11
31 45 4
31 46 7
31 47 18
31 48 18
31 49 9
31 50 2
31 51 9
31 52 20
31 53 9
31 54 2
31 55 18
31 56 9
31 57 1
31 58 15
31 59 16
31 60 5
31 61 13
31 62 11
31 63 13
31 64 1
31 65 18
31 66 13
31 67 20
31 68 2
31 69 14
31 70 6
31 71 8
31 72 7
31 73 19
31 74 8
31 75 3
31 76 14
31 77 12
31 78 8
31 79 1
31 80 13
31 81 20
31 82 8
31 83 4
31 84 13
31 85 20
31 86 6
31 87 18
31 88 5
31 89 17
31 90 12
31 91 9
31 92 9
31 93 11
31 94 7
31 95 12
31 96 9
31 97 17
31 98 5
31 99 11
32 0 11
32 1 8
32 2 14
32 3 8
32 4 7
32 5 15
32 6 1
32 7 18
32 8 19
32 9 4
32 10 13
32 11 11
32 12 18
32 13 15
32 14 6
32 15 3
32 16 6
32 17 1
32 18 2
32 19 18
32 20 2
32 21 11
32 22 18
32 23 6
32 24 3
32 25 8
32 26 19
32 27 19
32 28 10
32 29 18
32 30 1
32 31 6
32 33 19
32 34 14
32 35 1
32 36 7
32 37 13
32 38 2
32 39 20
32 40 11
32 41 16
32 42 20
32 43 17
32 44 2
32 45 9
32 46 10
32 47 4
32 48 16
32 49 9
32 50 6
32 51 12
32 52 2
32 53 11
32 54 5
32 55 9
32 56 8
32 57 8
32 58 5
32 59 11
32 60 17
32 61 10
32 62 11
32 63 8
32 64 13
32 65 20
32 66 14
32 67 1
32 68 16
32 69 14
32 70 9
32 71 9
32 72 18
32 73 17
32 74 6
32 75 15
32 76 8
32 77 16
32 78 11
32 79 12
32 80 20
32 81 19
32 82 19
32 83 5
32 84 5
32 85 20
32 86 8
32 87 3
32 88 11
32 89 5
32 90 15
32 91 1
32 92 12
32 93 10
32 94 15
32 95 15
32 96 9
32 97 12
32 98 19
32 99 14
33 0 16
33 1 11
33 2 1
33 3 7
33 4 18
33 5 14
33 6 18
33 7 4
33 8 2
33 9 14
33 10 9
33 11 20
33 12 5
33 13 5
33 14 14
33 15 14
33 16 5
33 17 6
33 18 10
33 19 10
33 20 5
33 21 11
33 22 13
33 23 2
33 24 4
33 25 4
33 26 8
33 27 4
33 28 9
33 29 16
33 30 4
33 31 2
33 32 19
33 34 18
33 35 13
33 36 7
33 37 17
33 38 7
33 39 16
33 40 13
33 41 13
33 42 11
33 43 7
33 44 16
33 45 17
33 46 6
33 47 10
33 48 8
33 49 1
33 50 4
33 51 7
33 52 11
33 53 10
33 54 3
33 55 12
33 56 15
33 57 20
33 58 2
33 59 10
33 60 9
33 61 5
33 62 4
33 63 4
33 64 7
33 65 19
33 66 11
33 67 8
33 68 6
33 69 10
33 70 13
33 71 3
33 72 5
33 73 20
33 74 8
33 75 8
33 76 6
33 77 5
33 78 4
33 79 19
33 80 8
33 81 8
33 82 7
33 83 12
33 84 6
33 85 14
33 86 1
33 87 17
33 88 4
33 89 5
33 90 13
33 91 14
33 92 5
33 93 5
33 94 8
33 95 5
33 96 2
33 97 12
33 98 8
33 99 13
34 0 9
34 1 20
34 2 9
34 3 5
34 4 15
34 5 9
34 6 3
34 7 10
34 8 20
34 9 5
34 10 2
34 11 10
34 12 20
34 13 3
34 14 18
34 15 4
34 16 20
34 17 17
34 18 18
34 19 10
34 20 7
34 21 5
34 22 5
34 23 4
34 24 5
34 25 20
34 26 6
34 27 10
34 28 16
34 29 6
34 30 15
34 31 16
34 32 14
34 33 18
34 35 16
34 36 11
34 37 18
34 38 16
34 39 10
34 40 6
34 41 15
34 42 5
34 43 2
34 44 11
34 45 11
34 46 13
34 47 2
34 48 10
34 49 11
34 50 12
34 51 8
34 52 10
34 53 10
34 54 2
34 55 18
34 56 11
34 57 6
34 58 12
34 59 2
34 60 16
34 61 3
34 62 19
34 63 3
34 64 16
34 65 16
34 66 17
34 67 16
34 68 10
34 69 1
34 70 16
34 71 17
34 72 2
34 73 16
34 74 15
34 75 10
34 76 14
34 77 10
34 78 17
34 79 12
34 80 1
34 81 1
34 82 7
34 83 5
34 84 14
34 85 17
34 86 15
34 87 10
34 88 13
34 89 18
34 90 11
34 91 3
34 92 9
34 93 8
34 94 18
34 95 15
34 96 10
34 97 3
34 98 8
34 99 8
35 0 4
35 1 19
35 2 5
35 3 15
35 4 15
35 5 13
35 6 8
35 7 11
35 8 1
35 9 18
35 10 20
35 11 15
35 12 14
35 13 12
35 14 7
35 15 20
35 16 16
35 17 18
35 18 20
35 19 2
35 20 7
35 21 15
35 22 3
35 23 6
35 24 1
35 25 19
35 26 9
35 27 20
35 28 8
35 29 17
35 30 5
35 31 8
35 32 1
35 33 13
35 34 16
35 36 15
35 37 9
35 38 9
35 39 5
35 40 11
35 41 11
35 42 14
35 43 5
35 44 7
35 45 3
35 46 1
35 47 20
35 48 10
35 49 20
35 50 16
35 51 1
35 52 3
35 53 2
35 54 8
35 55 4
35 56 9
35 57 16
35 58 10
35 59 5
35 60 14
35 61 2
35 62 18
35 63 14
35 64 10
35 65 14
35 66 2
35 67 1
35 68 16
35 69 5
35 70 18
35 71 11
35 72 5
35 73 17
35 74 17
35 75 14
35 76 17
35 77 18
35 78 7
35 79 15
35 80 8
35 81 2
35 82 17
35 83 20
35 84 19
35 85 20
35 86 1
35 87 3
35 88 4
35 89 6
35 90 3
35 91 8
35 92 12
35 93 19
35 94 12
35 95 15
35 96 16
35 97 18
35 98 1
35 99 3
36 0 2
36 1 1
36 2 18
36 3 6
36 4 20
36 5 1
36 6 17
36 7 13
36 8 9
36 9 12
36 10 20
36 11 12
36 12 9
36 13 6
36 14 9
36 15 11
36 16 6
36 17 7
36 18 7
36 19 8
36 20 10
36 21 15
36 22 8
36 23 10
36 24 19
36 25 8
36 26 6
36 27 18
36 28 12
36 29 10
36 30 19
36 31 12
36 32 7
36 33 7
36 34 11
36 35 15
36 37 3
36 38 8
36 39 19
36 40 3
36 41 9
36 42 16
36 43 18
36 44 6
36 45 5
36 46 9
36 47 1
36 48 17
36 49 3
36 50 3
36 51 17
36 52 2
36 53 11
36 54 10
36 55 15
36 56 12
36 57 10
36 58 17
36 59 15
36 60 4
36 61 18
36 62 19
36 63 18
36 64 20
36 65 3
36 66 18
36 67 2
36 68 3
36 69 19
36 70 16
36 71 14
36 72 10
36 73 9
36 74 8
36 75 16
36 76 9
36 77 18
36 78 7
36 79 15
36 80 13
36 81 8
36 82 15
36 83 19
36 84 11
36 85 5
36 86 5
36 87 5
36 88 9
36 89 9
36 90 11
36 91 20
36 92 4
36 93 6
36 94 17
36 95 3
36 96 17
36 97 2
36 98 1
36 99 4
37 0 11
37 1 13
37 2 5
37 3 5
37 4 20
37 5 18
37 6 8
37 7 20
37 8 1
37 9 9
37 10 13
37 11 18
37 12 11
37 13 5
37 14 12
37 15 17
37 16 18
37 17 10
37 18 11
37 19 5
37 20 4
37 21 3
37 22 7
37 23 4
37 24 12
37 25 15
37 26 2
37 27 18
37 28 12
37 29 20
37 30 15
37 31 14
37 32 13
37 33 17
37 34 18
37 35 9
37 36 3
37 38 11
37 39 16
37 40 20
37 41 2
37 42 16
37 43 20
37 44 4
37 45 9
37 46 20
37 47 9
37 48 18
37 49 5
37 50 5
37 51 17
37 52 11
37 53 9
37 54 4
37 55 6
37 56 6
37 57 17
37 58 9
37 59 13
37 60 15
37 61 4
37 62 7
37 63 1
37 64 20
37 65 2
37 66 17
37 67 13
37 68 14
37 69 14
37 70 12
37 71 18
37 72 7
37 73 9
37 74 20
37 75 20
37 76 15
37 77 4
37 78 16
37 79 18
37 80 6
37 81 14
37 82 1
37 83 7
37 84 16
37 85 16
37 86 14
37 87 15
37 88 14
37 89 10
37 90 15
37 91 2
37 92 13
37 93 7
37 94 13
37 95 14
37 96 17
37 97 11
37 98 11
37 99 18
38 0 13
38 1 15
38 2 17
38 3 20
38 4 15
38 5 8
38 6 10
38 7 4
38 8 1
38 9 14
38 10 10
38 11 1
38 12 18
38 13 6
38 14 19
38 15 11
38 16 5
38 17 2
38 18 18
38 19 4
38 20 12
38 21 15
38 22 17
38 23 3
38 24 17
38 25 1
38 26 11
38 27 2
38 28 11
38 29 19
38 30 14
38 31 3
38 32 2
38 33 7
38 34 16
38 35 9
38 36 8
38 37 11
38 39 18
38 40 7
38 41 13
38 42 6
38 43 1
38 44 20
38 45 11
38 46 12
38 47 10
38 48 2
38 49 8
38 50 3
38 51 10
38 52 10
38 53 10
38 54 18
38 55 19
38 56 14
38 57 1
38 58 11
38 59 15
38 60 7
38 61 5
38 62 17
38 63 16
38 64 15
38 65 1
38 66 5
38 67 9
38 68 3
38 69 12
38 70 5
38 71 9
38 72 13
38 73 12
38 74 3
38 75 17
38 76 17
38 77 8
38 78 3
38 79 12
38 80 9
38 81 12
38 82 3
38 83 10
38 84 8
38 85 20
38 86 6
38 87 11
38 88 2
38 89 10
38 90 3
38 91 8
38 92 17
38 93 20
38 94 5
38 95 10
38 96 2
38 97 9
38 98 14
38 99 13
39 0 2
39 1 7
39 2 1
39 3 18
39 4 11
39 5 18
39 6 19
39 7 3
39 8 3
39 9 6
39 10 19
39 11 13
39 12 17
39 13 13
39 14 2
39 15 6
39 16 17
39 17 5
39 18 4
39 19 14
39 20 7
39 21 11
39 22 20
39 23 4
39 24 18
39 25 19
39 26 16
39 27 1
39 28 18
39 29 15
39 30 20
39 31 6
39 32 20
39 33 16
39 34 10
39 35 5
39 36 19
39 37 16
39 38 18
39 40 19
39 41 16
39 42 2
39 43 6
39 44 18
39 45 5
39 46 6
39 47 5
39 48 3
39 49 20
39 50 16
39 51 14
39 52 19
39 53 11
39 54 14
39 55 17
39 56 14
39 57 12
39 58 12
39 59 19
39 60 16
39 61 16
39 62 17
39 63 3
39 64 20
39 65 11
39 66 1
39 67 14
39 68 19
39 69 8
39 70 14
39 71 2
39 72 6
39 73 17
39 74 10
39 75 2
39 76 14
39 77 18
39 78 20
39 79 4
39 80 8
39 81 20
39 82 10
39 83 7
39 84 18
39 85 18
39 86 19
39 87 5
39 88 2
39 89 14
39 90 20
39 91 19
39 92 15
39 93 20
39 94 5
39 95 8
39 96 16
39 97 14
39 98 14
39 99 9
40 0 19
40 1 8
40 2 9
40 3 1
40 4 19
40 5 12
40 6 19
40 7 5
40 8 6
40 9 9
40 10 19
40 11 13
40 12 3
40 13 5
40 14 9
40 15 7
40 16 5
40 17 16
40 18 15
40 19 10
40 20 1
40 21 10
40 22 15
40 23 3
40 24 11
40 25 20
40 26 8
40 27 18
40 28 12
40 29 18
40 30 19
40 31 7
40 32 11
40 33 13
40 34 6
40 35 11
40 36 3
40 37 20
40 38 7
40 39 19
40 41 1
40 42 19
40 43 3
40 44 20
40 45 5
40 46 12
40 47 3
40 48 7
40 49 7
40 50 19
40 51 10
40 52 17
40 53 13
40 54 20
40 55 3
40 56 17
40 57 14
40 58 10
40 59 15
40 60 18
40 61 12
40 62 1
40 63 9
40 64 7
40 65 5
40 66 11
40 67 11
40 68 17
40 69 19
40 70 7
40 71 14
40 72 7
40 73 6
40 74 8
40 75 3
40 76 11
40 77 2
40 78 7
40 79 12
40 80 7
40 81 11
40 82 17
40 83 2
40 84 16
40 85 18
40 86 2
40 87 14
40 88 11
40 89 12
40 90 19
40 91 1
40 92 18
40 93 18
40 94 17
40 95 18
40 96 15
40 97 8
40 98 19
40 99 12
41 0 12
41 1 8
41 2 6
41 3 11
41 4 18
41 5 8
41 6 17
41 7 13
41 8 8
41 9 5
41 10 6
41 11 7
41 12 2
41 13 6
41 14 12
41 15 12
41 16 5
41 17 6
41 18 17
41 19 6
41 20 17
41 21 3
41 22 16
41 23 6
41 24 17
41 25 4
41 26 17
41 27 17
41 28 19
41 29 9
41 30 18
41 31 3
41 32 16
41 33 13
41 34 15
41 35 11
41 36 9
41 37 2
41 38 13
41 39 16
41 40 1
41 42 19
41 43 18
41 44 5
41 45 7
41 46 18
41 47 17
41 48 2
41 49 3
41 50 16
41 51 9
41 52 20
41 53 13
41 54 15
41 55 3
41 56 12
41 57 19
41 58 10
41 59 4
41 60 4
41 61 15
41 62 5
41 63 5
41 64 15
41 65 1
41 66 11
41 67 19
41 68 16
41 69 12
41 70 9
41 71 12
41 72 4
41 73 9
41 74 1
41 75 17
41 76 13
41 77 7
41 78 20
41 79 8
41 80 13
41 81 18
41 82 12
41 83 11
41 84 4
41 85 12
41 86 18
41 87 20
41 88 15
41 89 17
41 90 5
41 91 10
41 92 15
41 93 13
41 94 4
41 95 19
41 96 15
41 97 8
41 98 3
41 99 7
42 0 13
42 1 13
42 2 7
42 3 12
42 4 12
42 5 8
42 6 6
42 7 10
42 8 18
42 9 11
42 10 14
42 11 4
42 12 14
42 13 19
42 14 16
42 15 2
42 16 15
42 17 16
42 18 1
42 19 6
42 20 4
42 21 4
42 22 20
42 23 15
42 24 20
42 25 3
42 26 2
42 27 16
42 28 12
42 29 11
42 30 17
42 31 4
42 32 20
42 33 11
42 34 5
42 35 14
42 36 16
42 37 16
42 38 6
42 39 2
42 40 19
42 41 19
42 43 14
42 44 6
42 45 1
42 46 11
42 47 9
42 48 14
42 49 13
42 50 2
42 51 17
42 52 19
42 53 10
42 54 17
42 55 13
42 56 1
42 57 11
42 58 18
42 59 11
42 60 12
42 61 10
42 62 16
42 63 11
42 64 10
42 65 15
42 66 10
42 67 10
42 68 19
42 69 5
42 70 18
42 71 19
42 72 6
42 73 20
42 74 5
42 75 15
42 76 11
42 77 18
42 78 16
42 79 5
42 80 11
42 81 4
42 82 19
42 83 18
42 84 10
42 85 17
42 86 11
42 87 12
42 88 3
42 89 16
42 90 16
42 91 20
42 92 13
42 93 3
42 94 5
42 95 19
42 96 11
42 97 5
42 98 8
42 99 8
43 0 9
43 1 12
43 2 4
43 3 14
43 4 13
43 5 9
43 6 10
43 7 1
43 8 7
43 9 7
43 10 12
43 11 10
43 12 8
43 13 7
43 14 2
43 15 16
43 16 9
43 17 18
43 18 9
43 19 9
43 20 4
43 21 2
43 22 1
43 23 10
43 24 3
43 25 6
43 26 6
43 27 9
43 28 5
43 29 16
43 30 17
43 31 8
43 32 17
43 33 7
43 34 2
43 35 5
43 36 18
43 37 20
43 38 1
43 39 6
43 40 3
43 41 18
43 42 14
43 44 10
43 45 12
43 46 13
43 47 7
43 48 10
43 49 19
43 50 10
43 51 5
43 52 19
43 53 14
43 54 18
43 55 19
43 56 6
43 57 12
43 58 19
43 59 3
43 60 3
43 61 14
43 62 5
43 63 16
43 64 14
43 65 3
43 66 13
43 67 13
43 68 8
43 69 11
43 70 10
43 71 9
43 72 18
43 73 19
43 74 7
43 75 10
43 76 3
43 77 19
43 78 1
43 79 14
43 80 5
43 81 1
43 82 20
43 83 7
43 84 18
43 85 19
43 86 5
43 87 9
43 88 6
43 89 18
43 90 12
43 91 3
43 92 17
43 93 11
43 94 19
43 95 18
43 96 8
43 97 9
43 98 14
43 99 12
44 0 1
44 1 4
44 2 2
44 3 15
44 4 17
44 5 10
44 6 2
44 7 12
44 8 12
44 9 5
44 10 10
44 11 2
44 12 13
44 13 14
44 14 18
44 15 3
44 16 8
44 17 4
44 18 13
44 19 14
44 20 2
44 21 7
44 22 8
44 23 1
44 24 12
44 25 16
44 26 6
44 27 20
44 28 20
44 29 18
44 30 8
44 31 11
44 32 2
44 33 16
44 34 11
44 35 7
44 36 6
44 37 4
44 38 20
44 39 18
44 40 20
44 41 5
44 42 6
44 43 10
44 45 12
44 46 14
44 47 13
44 48 9
44 49 6
44 50 18
44 51 5
44 52 15
44 53 10
44 54 2
44 55 5
44 56 2
44 57 12
44 58 16
44 59 8
44 60 4
44 61 8
44 62 9
44 63 15
44 64 3
44 65 8
44 66 3
44 67 1
44 68 3
44 69 3
44 70 10
44 71 4
44 72 12
44 73 8
44 74 14
44 75 12
44 76 18
44 77 17
44 78 13
44 79 8
44 80 11
44 81 10
44 82 3
44 83 14
44 84 4
44 85 9
44 86 8
44 87 16
44 88 1
44 89 10
44 90 12
44 91 2
44 92 20
44 93 7
44 94 4
44 95 7
44 96 4
44 97 12
44 98 20
44 99 9
45 0 20
45 1 2
45 2 10
45 3 7
45 4 13
45 5 15
45 6 3
45 7 9
45 8 1
45 9 15
45 10 17
45 11 8
45 12 9
45 13 13
45 14 5
45 15 4
45 16 4
45 17 3
45 18 8
45 19 6
45 20 13
45 21 1
45 22 15
45 23 20
45 24 8
45 25 12
45 26 3
45 27 15
45 28 14
45 29 6
45 30 7
45 31 4
45 32 9
45 33 17
45 34 11
45 35 3
45 36 5
45 37 9
45 38 11
45 39 5
45 40 5
45 41 7
45 42 1
45 43 12
45 44 12
45 46 20
45 47 11
45 48 19
45 49 14
45 50 2
45 51 19
45 52 4
45 53 4
45 54 12
45 55 15
45 56 17
45 57 2
45 58 5
45 59 14
45 60 2
45 61 8
45 62 6
45 63 1
45 64 16
45 65 6
45 66 5
45 67 4
45 68 8
45 69 12
45 70 15
45 71 7
45 72 7
45 73 5
45 74 6
45 75 14
45 76 7
45 77 13
45 78 19
45 79 10
45 80 12
45 81 20
45 82 10
45 83 7
45 84 20
45 85 20
45 86 19
45 87 10
45 88 20
45 89 19
45 90 4
45 91 5
45 92 4
45 93 19
45 94 4
45 95 16
45 96 6
45 97 4
45 98 20
45 99 2
46 0 20
46 1 18
46 2 16
46 3 5
46 4 19
46 5 11
46 6 3
46 7 11
46 8 2
46 9 18
46 10 11
46 11 1
46 12 8
46 13 3
46 14 16
46 15 9
46 16 13
46 17 4
46 18 11
46 19 7
46 20 3
46 21 9
46 22 4
46 23 3
46 24 7
46 25 10
46 26 2
46 27 9
46 28 9
46 29 17
46 30 12
46 31 7
46 32 10
46 33 6
46 34 13
46 35 1
46 36 9
46 37 20
46 38 12
46 39 6
46 40 12
46 41 18
46 42 11
46 43 13
46 44 14
46 45 20
46 47 8
46 48 10
46 49 5
46 50 16
46 51 19
46 52 18
46 53 4
46 54 10
46 55 10
46 56 17
46 57 11
46 58 18
46 59 1
46 60 1
46 61 16
46 62 3
46 63 20
46 64 10
46 65 9
46 66 9
46 67 17
46 68 8
46 69 19
46 70 11
46 71 7
46 72 12
46 73 20
46 74 1
46 75 5
46 76 12
46 77 3
46 78 7
46 79 19
46 80 6
46 81 4
46 82 2
46 83 11
46 84 8
46 85 20
46 86 19
46 87 7
46 88 4
46 89 14
46 90 8
46 91 14
46 92 19
46 93 8
46 94 16
46 95 12
46 96 19
46 97 20
46 98 19
46 99 4
47 0 7
47 1 18
47 2 11
47 3 4
47 4 19
47 5 5
47 6 12
47 7 5
47 8 14
47 9 17
47 10 18
47 11 6
47 12 6
47 13 19
47 14 12
47 15 3
47 16 2
47 17 15
47 18 7
47 19 3
47 20 12
47 21 16
47 22 2
47 23 1
47 24 2
47 25 4
47 26 10
47 27 9
47 28 6
47 29 9
47 30 20
47 31 18
47 32 4
47 33 10
47 34 2
47 35 20
47 36 1
47 37 9
47 38 10
47 39 5
47 40 3
47 41 17
47 42 9
47 43 7
47 44 13
47 45 11
47 46 8
47 48 1
47 49 8
47 50 19
47 51 18
47 52 10
47 53 8
47 54 8
47 55 11
47 56 13
47 57 11
47 58 18
47 59 17
47 60 2
47 61 6
47 62 8
47 63 16
47 64 17
47 65 11
47 66 1
47 67 8
47 68 6
47 69 11
47 70 10
47 71 4
47 72 3
47 73 5
47 74 5
47 75 9
47 76 3
47 77 1
47 78 16
47 79 2
47 80 7
47 81 4
47 82 15
47 83 3
47 84 5
47 85 16
47 86 9
47 87 1
47 88 9
47 89 3
47 90 14
47 91 5
47 92 10
47 93 19
47 94 1
47 95 7
47 96 7
47 97 13
47 98 2
47 99 2
48 0 1
48 1 3
48 2 20
48 3 18
48 4 18
48 5 17
48 6 5
48 7 4
48 8 4
48 9 11
48 10 3
48 11 16
48 12 15
48 13 7
48 14 10
48 15 13
48 16 4
48 17 14
48 18 4
48 19 13
48 20 20
48 21 14
48 22 3
48 23 5
48 24 18
48 25 4
48 26 15
48 27 6
48 28 19
48 29 6
48 30 14
48 31 18
48 32 16
48 33 8
48 34 10
48 35 10
48 36 17
48 37 18
48 38 2
48 39 3
48 40 7
48 41 2
48 42 14
48 43 10
48 44 9
48 45 19
48 46 10
48 47 1
48 49 18
48 50 18
48 51 12
48 52 17
48 53 8
48 54 20
48 55 20
48 56 16
48 57 3
48 58 20
48 59 6
48 60 1
48 61 19
48 62 17
48 63 17
48 64 4
48 65 13
48 66 17
48 67 3
48 68 7
48 69 13
48 70 10
48 71 6
48 72 14
48 73 10
48 74 17
48 75 19
48 76 16
48 77 5
48 78 8
48 79 1
48 80 20
48 81 18
48 82 12
48 83 2
48 84 13
48 85 4
48 86 7
48 87 15
48 88 14
48 89 4
48 90 15
48 91 4
48 92 5
48 93 9
48 94 14
48 95 4
48 96 1
48 97 4
48 98 16
48 99 20
49 0 3
49 1 20
49 2 12
49 3 18
49 4 16
49 5 17
49 6 13
49 7 19
49 8 13
49 9 11
49 10 5
49 11 19
49 12 18
49 13 19
49 14 15
49 15 3
49 16 11
49 17 5
49 18 13
49 19 5
49 20 11
49 21 10
49 22 3
49 23 20
49 24 12
49 25 10
49 26 18
49 27 12
49 28 4
49 29 20
49 30 15
49 31 9
49 32 9
49 33 1
49 34 11
49 35 20
49 36 3
49 37 5
49 38 8
49 39 20
49 40 7
49 41 3
49 42 13
49 43 19
49 44 6
49 45 14
49 46 5
49 47 8
49 48 18
49 50 4
49 51 5
49 52 4
49 53 14
49 54 4
49 55 13
49 56 7
49 57 13
49 58 13
49 59 16
49 60 13
49 61 14
49 62 7
49 63 13
49 64 11
49 65 10
49 66 13
49 67 8
49 68 10
49 69 1
49 70 13
49 71 11
49 72 11
49 73 12
49 74 1
49 75 20
49 76 12
49 77 19
49 78 3
49 79 8
49 80 18
49 81 12
49 82 4
49 83 11
49 84 4
49 85 4
49 86 3
49 87 15
49 88 17
49 89 12
49 90 5
49 91 8
49 92 9
49 93 5
49 94 4
49 95 12
49 96 5
49 97 14
49 98 12
49 99 11
50 0 4
50 1 2
50 2 8
50 3 18
50 4 17
50 5 12
50 6 5
50 7 7
50 8 20
50 9 12
50 10 8
50 11 13
50 12 20
50 13 15
50 14 19
50 15 8
50 16 5
50 17 8
50 18 18
50 19 19
50 20 20
50 21 9
50 22 15
50 23 13
50 24 15
50 25 17
50 26 13
50 27 14
50 28 17
50 29 4
50 30 10
50 31 2
50 32 6
50 33 4
50 34 12
50 35 16
50 36 3
50 37 5
50 38 3
50 39 16
50 40 19
50 41 16
50 42 2
50 43 10
50 44 18
50 45 2
50 46 16
50 47 19
50 48 18
50 49 4
50 51 20
50 52 7
50 53 15
50 54 7
50 55 15
50 56 20
50 57 14
50 58 12
50 59 17
50 60 12
50 61 16
50 62 18
50 63 5
50 64 11
50 65 14
50 66 12
50 67 14
50 68 9
50 69 9
50 70 7
50 71 2
50 72 1
50 73 18
50 74 10
50 75 7
50 76 4
50 77 15
50 78 17
50 79 8
50 80 3
50 81 2
50 82 6
50 83 20
50 84 7
50 85 8
50 86 19
50 87 17
50 88 17
50 89 14
50 90 20
50 91 18
50 92 13
50 93 20
50 94 11
50 95 16
50 96 16
50 97 18
50 98 7
50 99 2
51 0 8
51 1 19
51 2 2
51 3 18
51 4 4
51 5 12
51 6 15
51 7 2
51 8 10
51 9 1
51 10 4
51 11 12
51 12 18
51 13 16
51 14 5
51 15 6
51 16 1
51 17 2
51 18 3
51 19 3
51 20 15
51 21 4
51 22 9
51 23 11
51 24 8
51 25 7
51 26 4
51 27 11
51 28 16
51 29 14
51 30 18
51 31 9
51 32 12
51 33 7
51 34 8
51 35 1
51 36 17
51 37 17
51 38 10
51 39 14
51 40 10
51 41 9
51 42 17
51 43 5
51 44 5
51 45 19
51 46 19
51 47 18
51 48 12
51 49 5
51 50 20
51 52 12
51 53 3
51 54 4
51 55 2
51 56 6
51 57 10
51 58 20
51 59 6
51 60 20
51 61 11
51 62 7
51 63 17
51 64 17
51 65 12
51 66 6
51 67 5
51 68 18
51 69 1
51 70 7
51 71 15
51 72 18
51 73 9
51 74 3
51 75 1
51 76 2
51 77 12
51 78 1
51 79 6
51 80 16
51 81 15
51 82 16
51 83 19
51 84 5
51 85 17
51 86 8
51 87 14
51 88 6
51 89 10
51 90 16
51 91 17
51 92 2
51 93 8
51 94 9
51 95 1
51 96 17
51 97 19
51 98 9
51 99 13
52 0 12
52 1 13
52 2 20
52 3 4
52 4 4
52 5 6
52 6 14
52 7 13
52 8 4
52 9 19
52 10 6
52 11 16
52 12 10
52 13 12
52 14 14
52 15 13
52 16 17
52 17 16
52 18 4
52 19 8
52 20 5
52 21 10
52 22 13
52 23 6
52 24 9
52 25 5
52 26 15
52 27 3
52 28 3
52 29 4
52 30 9
52 31 20
52 32 2
52 33 11
52 34 10
52 35 3
52 36 2
52 37 11
52 38 10
52 39 19
52 40 17
52 41 20
52 42 19
52 43 19
52 44 15
52 45 4
52 46 18
52 47 10
52 48 17
52 49 4
52 50 7
52 51 12
52 53 1
52 54 9
52 55 4
52 56 8
52 57 19
52 58 5
52 59 14
52 60 12
52 61 11
52 62 6
52 63 8
52 64 15
52 65 19
52 66 12
52 67 11
52 68 1
52 69 17
52 70 20
52 71 4
52 72 7
52 73 6
52 74 1
52 75 10
52 76 8
52 77 20
52 78 4
52 79 17
52 80 9
52 81 4
52 82 12
52 83 5
52 84 14
52 85 10
52 86 15
52 87 5
52 88 17
52 89 7
52 90 14
52 91 16
52 92 16
52 93 3
52 94 15
52 95 2
52 96 20
52 97 20
52 98 18
52 99 6
53 0 11
53 1 3
53 2 6
53 3 9
53 4 13
53 5 4
53 6 1
53 7 19
53 8 12
53 9 1
53 10 6
53 11 2
53 12 2
53 13 16
53 14 7
53 15 11
53 16 14
53 17 10
53 18 17
53 19 16
53 20 16
53 21 18
53 22 5
53 23 9
53 24 19
53 25 6
53 26 2
53 27 9
53 28 6
53 29 20
53 30 15
53 31 9
53 32 11
53 33 10
53 34 10
53 35 2
53 36 11
53 37 9
53 38 10
53 39 11
53 40 13
53 41 13
53 42 10
53 43 14
53 44 10
53 45 4
53 46 4
53 47 8
53 48 8
53 49 14
53 50 15
53 51 3
53 52 1
53 54 6
53 55 9
53 56 9
53 57 20
53 58 20
53 59 1
53 60 9
53 61 10
53 62 1
53 63 7
53 64 7
53 65 11
53 66 13
53 67 18
53 68 2
53 69 18
53 70 8
53 71 6
53 72 16
53 73 15
53 74 14
53 75 6
53 76 1
53 77 12
53 78 4
53 79 12
53 80 12
53 81 15
53 82 16
53 83 8
53 84 12
53 85 11
53 86 8
53 87 1
53 88 3
53 89 10
53 90 6
53 91 9
53 92 2
53 93 11
53 94 3
53 95 13
53 96 2
53 97 9
53 98 18
53 99 1
54 0 2
54 1 14
54 2 15
54 3 10
54 4 14
54 5 6
54 6 7
54 7 2
54 8 1
54 9 20
54 10 2
54 11 17
54 12 10
54 13 8
54 14 10
54 15 8
54 16 4
54 17 12
54 18 11
54 19 20
54 20 15
54 21 5
54 22 8
54 23 11
54 24 3
54 25 18
54 26 11
54 27 1
54 28 5
54 29 17
54 30 17
54 31 2
54 32 5
54 33 3
54 34 2
54 35 8
54 36 10
54 37 4
54 38 18
54 39 14
54 40 20
54 41 15
54 42 17
54 43 18
54 44 2
54 45 12
54 46 10
54 47 8
54 48 20
54 49 4
54 50 7
54 51 4
54 52 9
54 53 6
54 55 16
54 56 7
54 57 13
54 58 9
54 59 5
54 60 16
54 61 17
54 62 9
54 63 4
54 64 1
54 65 11
54 66 3
54 67 11
54 68 4
54 69 6
54 70 11
54 71 5
54 72 3
54 73 3
54 74 11
54 75 7
54 76 15
54 77 7
54 78 17
54 79 15
54 80 14
54 81 3
54 82 7
54 83 20
54 84 15
54 85 2
54 86 20
54 87 10
54 88 14
54 89 20
54 90 11
54 91 6
54 92 4
54 93 17
54 94 13
54 95 17
54 96 12
54 97 8
54 98 11
54 99 18
55 0 11
55 1 6
55 2 6
55 3 16
55 4 3
55 5 16
55 6 9
55 7 12
55 8 3
55 9 2
55 10 15
55 11 20
55 12 10
55 13 2
55 14 9
55 15 15
55 16 5
55 17 15
55 18 16
55 19 14
55 20 1
55 21 3
55 22 8
55 23 9
55 24 14
55 25 17
55 26 2
55 27 2
55 28 16
55 29 9
55 30 14
55 31 18
55 32 9
55 33 12
55 34 18
55 35 4
55 36 15
55 37 6
55 38 19
55 39 17
55 40 3
55 41 3
55 42 13
55 43 19
55 44 5
55 45 15
55 46 10
55 47 11
55 48 20
55 49 13
55 50 15
55 51 2
55 52 4
55 53 9
55 54 16
55 56 7
55 57 9
55 58 4
55 59 20
55 60 16
55 61 11
55 62 16
55 63 16
55 64 15
55 65 19
55 66 11
55 67 11
55 68 10
55 69 5
55 70 16
55 71 9
55 72 8
55 73 8
55 74 19
55 75 20
55 76 19
55 77 2
55 78 8
55 79 4
55 80 18
55 81 5
55 82 17
55 83 8
55 84 6
55 85 1
55 86 2
55 87 10
55 88 2
55 89 14
55 90 4
55 91 12
55 92 19
55 93 10
55 94 9
55 95 20
55 96 20
55 97 11
55 98 5
55 99 6
56 0 8
56 1 1
56 2 4
56 3 1
56 4 13
56 5 19
56 6 6
56 7 12
56 8 15
56 9 11
56 10 6
56 11 6
56 12 8
56 13 7
56 14 12
56 15 15
56 16 2
56 17 1
56 18 13
56 19 13
56 20 12
56 21 1
56 22 16
56 23 17
56 24 11
56 25 18
56 26 12
56 27 11
56 28 6
56 29 10
56 30 10
56 31 9
56 32 8
56 33 15
56 34 11
56 35 9
56 36 12
56 37 6
56 38 14
56 39 14
56 40 17
56 41 12
56 42 1
56 43 6
56 44 2
56 45 17
56 46 17
56 47 13
56 48 16
56 49 7
56 50 20
56 51 6
56 52 8
56 53 9
56 54 7
56 55 7
56 57 18
56 58 7
56 59 7
56 60 18
56 61 12
56 62 12
56 63 15
56 64 11
56 65 19
56 66 10
56 67 20
56 68 15
56 69 20
56 70 18
56 71 7
56 72 8
56 73 7
56 74 1
56 75 15
56 76 12
56 77 15
56 78 2
56 79 4
56 80 14
56 81 18
56 82 2
56 83 6
56 84 20
56 85 14
56 86 2
56 87 7
56 88 4
56 89 12
56 90 6
56 91 3
56 92 15
56 93 1
56 94 11
56 95 15
56 96 11
56 97 20
56 98 3
56 99 11
57 0 3
57 1 17
57 2 16
57 3 8
57 4 2
57 5 1
57 6 6
57 7 7
57 8 2
57 9 8
57 10 5
57 11 9
57 12 10
57 13 8
57 14 15
57 15 9
57 16 11
57 17 5
57 18 10
57 19 1
57 20 5
57 21 13
57 22 7
57 23 4
57 24 16
57 25 1
57 26 3
57 27 2
57 28 8
57 29 12
57 30 10
57 31 1
57 32 8
57 33 20
57 34 6
57 35 16
57 36 10
57 37 17
57 38 1
57 39 12
57 40 14
57 41 19
57 42 11
57 43 12
57 44 12
57 45 2
57 46 11
57 47 11
57 48 3
57 49 13
57 50 14
57 51 10
57 52 19
57 53 20
57 54 13
57 55 9
57 56 18
57 58 17
57 59 4
57 60 1
57 61 5
57 62 18
57 63 1
57 64 16
57 65 6
57 66 12
57 67 6
57 68 17
57 69 4
57 70 17
57 71 17
57 72 12
57 73 5
57 74 2
57 75 13
57 76 1
57 77 20
57 78 16
57 79 8
57 80 3
57 81 5
57 82 2
57 83 19
57 84 14
57 85 20
57 86 2
57 87 3
57 88 11
57 89 16
57 90 7
57 91 20
57 92 14
57 93 13
57 94 2
57 95 7
57 96 8
57 97 3
57 98 9
57 99 19
58 0 13
58 1 13
58 2 18
58 3 20
58 4 5
58 5 18
58 6 13
58 7 15
58 8 8
58 9 10
58 10 14
58 11 18
58 12 12
58 13 10
58 14 11
58 15 1
58 16 8
58 17 12
58 18 5
58 19 1
58 20 14
58 21 10
58 22 18
58 23 15
58 24 12
58 25 18
58 26 3
58 27 20
58 28 9
58 29 8
58 30 11
58 31 15
58 32 5
58 33 2
58 34 12
58 35 10
58 36 17
58 37 9
58 38 11
58 39 12
58 40 10
58 41 10
58 42 18
58 43 19
58 44 16
58 45 5
58 46 18
58 47 18
58 48 20
58 49 13
58 50 12
58 51 20
58 52 5
58 53 20
58 54 9
58 55 4
58 56 7
58 57 17
58 59 1
58 60 11
58 61 11
58 62 3
58 63 6
58 64 15
58 65 15
58 66 19
58 67 7
58 68 16
58 69 3
58 70 9
58 71 12
58 72 16
58 73 20
58 74 14
58 75 20
58 76 3
58 77 14
58 78 18
58 79 15
58 80 14
58 81 14
58 82 18
58 83 5
58 84 17
58 85 2
58 86 20
58 87 16
58 88 12
58 89 2
58 90 6
58 91 7
58 92 11
58 93 19
58 94 20
58 95 6
58 96 14
58 97 14
58 98 17
58 99 15
59 0 9
59 1 14
59 2 2
59 3 12
59 4 11
59 5 13
59 6 9
59 7 3
59 8 15
59 9 7
59 10 11
59 11 11
59 12 12
59 13 1
59 14 12
59 15 2
59 16 3
59 17 7
59 18 15
59 19 7
59 20 3
59 21 9
59 22 4
59 23 14
59 24 20
59 25 20
59 26 9
59 27 6
59 28 9
59 29 8
59 30 12
59 31 16
59 32 11
59 33 10
59 34 2
59 35 5
59 36 15
59 37 13
59 38 15
59 39 19
59 40 15
59 41 4
59 42 11
59 43 3
59 44 8
59 45 14
59 46 1
59 47 17
59 48 6
59 49 16
59 50 17
59 51 6
59 52 14
59 53 1
59 54 5
59 55 20
59 56 7
59 57 4
59 58 1
59 60 17
59 61 7
59 62 5
59 63 7
59 64 9
59 65 15
59 66 13
59 67 15
59 68 20
59 69 9
59 70 10
59 71 15
59 72 8
59 73 20
59 74 4
59 75 15
59 76 4
59 77 16
59 78 6
59 79 19
59 80 18
59 81 17
59 82 7
59 83 9
59 84 20
59 85 15
59 86 6
59 87 1
59 88 12
59 89 14
59 90 15
59 91 17
59 92 8
59 93 12
59 94 15
59 95 17
59 96 3
59 97 1
59 98 18
59 99 18
60 0 5
60 1 18
60 2 4
60 3 9
60 4 2
60 5 14
60 6 9
60 7 5
60 8 19
60 9 3
60 10 17
60 11 17
60 12 20
60 13 15
60 14 6
60 15 3
60 16 4
60 17 1
60 18 9
60 19 19
60 20 4
60 21 13
60 22 2
60 23 15
60 24 18
60 25 15
60 26 8
60 27 16
60 28 2
60 29 2
60 30 5
60 31 5
60 32 17
60 33 9
60 34 16
60 35 14
60 36 4
60 37 15
60 38 7
60 39 16
60 40 18
60 41 4
60 42 12
60 43 3
60 44 4
60 45 2
60 46 1
60 47 2
60 48 1
60 49 13
60 50 12
60 51 20
60 52 12
60 53 9
60 54 16
60 55 16
60 56 18
60 57 1
60 58 11
60 59 17
60 61 19
60 62 17
60 63 4
60 64 3
60 65 12
60 66 12
60 67 12
60 68 20
60 69 13
60 70 17
60 71 12
60 72 5
60 73 14
60 74 19
60 75 3
60 76 1
60 77 11
60 78 10
60 79 2
60 80 14
60 81 1
60 82 14
60 83 15
60 84 19
60 85 10
60 86 11
60 87 20
60 88 14
60 89 17
60 90 9
60 91 10
60 92 20
60 93 8
60 94 3
60 95 11
60 96 8
60 97 13
60 98 17
60 99 16
61 0 16
61 1 5
61 2 20
61 3 18
61 4 2
61 5 1
61 6 19
61 7 1
61 8 15
61 9 11
61 10 14
61 11 1
61 12 14
61 13 12
61 14 12
61 15 20
61 16 16
61 17 6
61 18 16
61 19 2
61 20 14
61 21 19
61 22 5
61 23 14
61 24 4
61 25 5
61 26 4
61 27 20
61 28 20
61 29 11
61 30 9
61 31 13
61 32 10
61 33 5
61 34 3
61 35 2
61 36 18
61 37 4
61 38 5
61 39 16
61 40 12
61 41 15
61 42 10
61 43 14
61 44 8
61 45 8
61 46 16
61 47 6
61 48 19
61 49 14
61 50 16
61 51 11
61 52 11
61 53 10
61 54 17
61 55 11
61 56 12
61 57 5
61 58 11
61 59 7
61 60 19
61 62 18
61 63 1
61 64 14
61 65 17
61 66 4
61 67 12
61 68 1
61 69 6
61 70 17
61 71 6
61 72 3
61 73 9
61 74 2
61 75 7
61 76 8
61 77 4
61 78 3
61 79 9
61 80 20
61 81 5
61 82 8
61 83 3
61 84 5
61 85 16
61 86 7
61 87 11
61 88 4
61 89 2
61 90 12
61 91 15
61 92 1
61 93 5
61 94 19
61 95 12
61 96 20
61 97 3
61 98 4
61 99 7
62 0 7
62 1 17
62 2 3
62 3 19
62 4 3
62 5 18
62 6 16
62 7 18
62 8 7
62 9 4
62 10 3
62 11 12
62 12 1
62 13 7
62 14 18
62 15 14
62 16 3
62 17 11
62 18 4
62 19 12
62 20 15
62 21 3
62 22 11
62 23 17
62 24 10
62 25 9
62 26 8
62 27 17
62 28 11
62 29 14
62 30 10
62 31 11
62 32 11
62 33 4
62 34 19
62 35 18
62 36 19
62 37 7
62 38 17
62 39 17
62 40 1
62 41 5
62 42 16
62 43 5
62 44 9
62 45 6
62 46 3
62 47 8
62 48 17
62 49 7
62 50 18
62 51 7
62 52 6
62 53 1
62 54 9
62 55 16
62 56 12
62 57 18
62 58 3
62 59 5
62 60 17
62 61 18
62 63 11
62 64 5
62 65 10
62 66 7
62 67 10
62 68 18
62 69 17
62 70 16
62 71 9
62 72 11
62 73 5
62 74 3
62 75 11
62 76 11
62 77 16
62 78 5
62 79 7
62 80 19
62 81 20
62 82 7
62 83 3
62 84 13
62 85 9
62 86 7
62 87 12
62 88 19
62 89 17
62 90 14
62 91 4
62 92 7
62 93 19
62 94 13
62 95 10
62 96 3
62 97 14
62 98 3
62 99 3
63 0 12
63 1 9
63 2 20
63 3 20
63 4 18
63 5 10
63 6 5
63 7 10
63 8 12
63 9 19
63 10 4
63 11 4
63 12 9
63 13 7
63 14 5
63 15 15
63 16 15
63 17 3
63 18 13
63 19 3
63 20 17
63 21 2
63 22 8
63 23 9
63 24 4
63 25 7
63 26 8
63 27 13
63 28 13
63 29 13
63 30 11
63 31 13
63 32 8
63 33 4
63 34 3
63 35 14
63 36 18
63 37 1
63 38 16
63 39 3
63 40 9
63 41 5
63 42 11
63 43 16
63 44 15
63 45 1
63 46 20
63 47 16
63 48 17
63 49 13
63 50 5
63 51 17
63 52 8
63 53 7
63 54 4
63 55 16
63 56 15
63 57 1
63 58 6
63 59 7
63 60 4
63 61 1
63 62 11
63 64 9
63 65 18
63 66 6
63 67 13
63 68 18
63 69 2
63 70 20
63 71 2
63 72 13
63 73 6
63 74 20
63 75 17
63 76 10
63 77 16
63 78 12
63 79 11
63 80 14
63 81 11
63 82 2
63 83 16
63 84 19
63 85 11
63 86 7
63 87 3
63 88 14
63 89 1
63 90 12
63 91 11
63 92 14
63 93 16
63 94 2
63 95 6
63 96 19
63 97 13
63 98 10
63 99 4
64 0 18
64 1 15
64 2 2
64 3 4
64 4 2
64 5 14
64 6 20
64 7 20
64 8 17
64 9 17
64 10 20
64 11 11
64 12 10
64 13 11
64 14 8
64 15 15
64 16 7
64 17 10
64 18 16
64 19 19
64 20 17
64 21 7
64 22 8
64 23 7
64 24 1
64 25 9
64 26 2
64 27 4
64 28 10
64 29 11
64 30 1
64 31 1
64 32 13
64 33 7
64 34 16
64 35 10
64 36 20
64 37 20
64 38 15
64 39 20
64 40 7
64 41 15
64 42 10
64 43 14
64 44 3
64 45 16
64 46 10
64 47 17
64 48 4
64 49 11
64 50 11
64 51 17
64 52 15
64 53 7
64 54 1
64 55 15
64 56 11
64 57 16
64 58 15
64 59 9
64 60 3
64 61 14
64 62 5
64 63 9
64 65 2
64 66 19
64 67 4
64 68 11
64 69 10
64 70 20
64 71 19
64 72 14
64 73 9
64 74 5
64 75 3
64 76 9
64 77 2
64 78 1
64 79 17
64 80 4
64 81 16
64 82 15
64 83 15
64 84 6
64 85 3
64 86 7
64 87 5
64 88 4
64 89 8
64 90 2
64 91 1
64 92 7
64 93 4
64 94 6
64 95 5
64 96 6
64 97 5
64 98 3
64 99 7
65 0 18
65 1 11
65 2 6
65 3 16
65 4 2
65 5 7
65 6 20
65 7 1
65 8 16
65 9 10
65 10 14
65 11 14
65 12 15
65 13 19
65 14 7
65 15 12
65 16 2
65 17 10
65 18 1
65 19 12
65 20 4
65 21 10
65 22 6
65 23 20
65 24 2
65 25 3
65 26 18
65 27 15
65 28 18
65 29 10
65 30 20
65 31 18
65 32 20
65 33 19
65 34 16
65 35 14
65 36 3
65 37 2
65 38 1
65 39 11
65 40 5
65 41 1
65 42 15
65 43 3
65 44 8
65 45 6
65 46 9
65 47 11
65 48 13
65 49 10
65 50 14
65 51 12
65 52 19
65 53 11
65 54 11
65 55 19
65 56 19
65 57 6
65 58 15
65 59 15
65 60 12
65 61 17
65 62 10
65 63 18
65 64 2
65 66 3
65 67 6
65 68 10
65 69 14
65 70 8
65 71 20
65 72 9
65 73 17
65 74 11
65 75 14
65 76 6
65 77 7
65 78 12
65 79 2
65 80 7
65 81 2
65 82 5
65 83 3
65 84 3
65 85 9
65 86 20
65 87 18
65 88 19
65 89 19
65 90 2
65 91 12
65 92 14
65 93 9
65 94 14
65 95 20
65 96 16
65 97 6
65 98 1
65 99 13
66 0 8
66 1 13
66 2 1
66 3 14
66 4 6
66 5 14
66 6 17
66 7 5
66 8 7
66 9 13
66 10 11
66 11 1
66 12 13
66 13 9
66 14 17
66 15 15
66 16 20
66 17 16
66 18 17
66 19 14
66 20 10
66 21 13
66 22 2
66 23 6
66 24 9
66 25 7
66 26 4
66 27 1
66 28 9
66 29 16
66 30 17
66 31 13
66 32 14
66 33 11
66 34 17
66 35 2
66 36 18
66 37 17
66 38 5
66 39 1
66 40 11
66 41 11
66 42 10
66 43 13
66 44 3
66 45 5
66 46 9
66 47 1
66 48 17
66 49 13
66 50 12
66 51 6
66 52 12
66 53 13
66 54 3
66 55 11
66 56 10
66 57 12
66 58 19
66 59 13
66 60 12
66 61 4
66 62 7
66 63 6
66 64 19
66 65 3
66 67 6
66 68 11
66 69 12
66 70 14
66 71 2
66 72 20
66 73 9
66 74 15
66 75 12
66 76 19
66 77 10
66 78 12
66 79 8
66 80 6
66 81 3
66 82 16
66 83 19
66 84 20
66 85 4
66 86 14
66 87 12
66 88 20
66 89 16
66 90 2
66 91 14
66 92 2
66 93 10
66 94 1
66 95 20
66 96 1
66 97 7
66 98 11
66 99 7
67 0 16
67 1 20
67 2 20
67 3 8
67 4 9
67 5 16
67 6 4
67 7 5
67 8 5
67 9 8
67 10 17
67 11 15
67 12 14
67 13 5
67 14 7
67 15 4
67 16 1
67 17 2
67 18 1
67 19 10
67 20 5
67 21 3
67 22 8
67 23 12
67 24 11
67 25 3
67 26 16
67 27 8
67 28 19
67 29 6
67 30 14
67 31 20
67 32 1
67 33 8
67 34 16
67 35 1
67 36 2
67 37 13
67 38 9
67 39 14
67 40 11
67 41 19
67 42 10
67 43 13
67 44 1
67 45 4
67 46 17
67 47 8
67 48 3
67 49 8
67 50 14
67 51 5
67 52 11
67 53 18
67 54 11
67 55 11
67 56 20
67 57 6
67 58 7
67 59 15
67 60 12
67 61 12
67 62 10
67 63 13
67 64 4
67 65 6
67 66 6
67 68 14
67 69 17
67 70 2
67 71 16
67 72 5
67 73 10
67 74 4
67 75 19
67 76 5
67 77 12
67 78 10
67 79 5
67 80 13
67 81 14
67 82 5
67 83 5
67 84 16
67 85 2
67 86 2
67 87 1
67 88 4
67 89 8
67 90 12
67 91 20
67 92 11
67 93 16
67 94 16
67 95 9
67 96 14
67 97 4
67 98 2
67 99 13
68 0 16
68 1 17
68 2 15
68 3 18
68 4 13
68 5 6
68 6 15
68 7 8
68 8 4
68 9 6
68 10 11
68 11 7
68 12 5
68 13 11
68 14 10
68 15 17
68 16 14
68 17 8
68 18 16
68 19 16
68 20 6
68 21 16
68 22 12
68 23 1
68 24 4
68 25 10
68 26 14
68 27 8
68 28 9
68 29 16
68 30 5
68 31 2
68 32 16
68 33 6
68 34 10
68 35 16
68 36 3
68 37 14
68 38 3
68 39 19
68 40 17
68 41 16
68 42 19
68 43 8
68 44 3
68 45 8
68 46 8
68 47 6
68 48 7
68 49 10
68 50 9
68 51 18
68 52 1
68 53 2
68 54 4
68 55 10
68 56 15
68 57 17
68 58 16
68 59 20
68 60 20
68 61 1
68 62 18
68 63 18
68 64 11
68 65 10
68 66 11
68 67 14
68 69 13
68 70 10
68 71 13
68 72 20
68 73 20
68 74 4
68 75 4
68 76 16
68 77 13
68 78 9
68 79 20
68 80 20
68 81 18
68 82 1
68 83 18
68 84 5
68 85 9
68 86 6
68 87 20
68 88 14
68 89 17
68 90 19
68 91 14
68 92 19
68 93 3
68 94 15
68 95 2
68 96 8
68 97 14
68 98 1
68 99 20
69 0 16
69 1 10
69 2 4
69 3 17
69 4 2
69 5 20
69 6 1
69 7 17
69 8 16
69 9 2
69 10 8
69 11 8
69 12 15
69 13 2
69 14 13
69 15 2
69 16 16
69 17 20
69 18 16
69 19 8
69 20 7
69 21 17
69 22 3
69 23 20
69 24 2
69 25 19
69 26 16
69 27 2
69 28 5
69 29 6
69 30 16
69 31 14
69 32 14
69 33 10
69 34 1
69 35 5
69 36 19
69 37 14
69 38 12
69 39 8
69 40 19
69 41 12
69 42 5
69 43 11
69 44 3
69 45 12
69 46 19
69 47 11
69 48 13
69 49 1
69 50 9
69 51 1
69 52 17
69 53 18
69 54 6
69 55 5
69 56 20
69 57 4
69 58 3
69 59 9
69 60 13
69 61 6
69 62 17
69 63 2
69 64 10
69 65 14
69 66 12
69 67 17
69 68 13
69 70 18
69 71 17
69 72 5
69 73 6
69 74 10
69 75 17
69 76 15
69 77 4
69 78 8
69 79 17
69 80 7
69 81 8
69 82 2
69 83 3
69 84 18
69 85 17
69 86 2
69 87 18
69 88 10
69 89 11
69 90 2
69 91 18
69 92 11
69 93 11
69 94 17
69 95 6
69 96 16
69 97 8
69 98 13
69 99 5
70 0 14
70 1 18
70 2 12
70 3 1
70 4 13
70 5 16
70 6 11
70 7 15
70 8 14
70 9 14
70 10 19
70 11 18
70 12 10
70 13 3
70 14 15
70 15 13
70 16 15
70 17 15
70 18 12
70 19 8
70 20 20
70 21 5
70 22 12
70 23 12
70 24 1
70 25 3
70 26 13
70 27 15
70 28 12
70 29 5
70 30 13
70 31 6
70 32 9
70 33 13
70 34 16
70 35 18
70 36 16
70 37 12
70 38 5
70 39 14
70 40 7
70 41 9
70 42 18
70 43 10
70 44 10
70 45 15
70 46 11
70 47 10
70 48 10
70 49 13
70 50 7
70 51 7
70 52 20
70 53 8
70 54 11
70 55 16
70 56 18
70 57 17
70 58 9
70 59 10
70 60 17
70 61 17
70 62 16
70 63 20
70 64 20
70 65 8
70 66 14
70 67 2
70 68 10
70 69 18
70 71 1
70 72 1
70 73 9
70 74 18
70 75 14
70 76 16
70 77 20
70 78 2
70 79 19
70 80 20
70 81 11
70 82 20
70 83 8
70 84 6
70 85 13
70 86 12
70 87 4
70 88 10
70 89 12
70 90 8
70 91 10
70 92 19
70 93 7
70 94 11
70 95 17
70 96 20
70 97 20
70 98 11
70 99 18
71 0 15
71 1 16
71 2 3
71 3 12
71 4 2
71 5 18
71 6 16
71 7 20
71 8 20
71 9 11
71 10 4
71 11 20
71 12 3
71 13 19
71 14 15
71 15 3
71 16 13
71 17 19
71 18 5
71 19 3
71 20 4
71 21 13
71 22 16
71 23 7
71 24 15
71 25 13
71 26 8
71 27 9
71 28 17
71 29 2
71 30 18
71 31 8
71 32 9
71 33 3
71 34 17
71 35 11
71 36 14
71 37 18
71 38 9
71 39 2
71 40 14
71 41 12
71 42 19
71 43 9
71 44 4
71 45 7
71 46 7
71 47 4
71 48 6
71 49 11
71 50 2
71 51 15
71 52 4
71 53 6
71 54 5
71 55 9
71 56 7
71 57 17
71 58 12
71 59 15
71 60 12
71 61 6
71 62 9
71 63 2
71 64 19
71 65 20
71 66 2
71 67 16
71 68 13
71 69 17
71 70 1
71 72 19
71 73 13
71 74 15
71 75 7
71 76 5
71 77 3
71 78 8
71 79 18
71 80 9
71 81 5
71 82 13
71 83 10
71 84 9
71 85 13
71 86 5
71 87 16
71 88 9
71 89 19
71 90 2
71 91 2
71 92 11
71 93 11
71 94 6
71 95 10
71 96 3
71 97 6
71 98 4
71 99 6
72 0 1
72 1 4
72 2 11
72 3 16
72 4 9
72 5 14
72 6 11
72 7 14
72 8 18
72 9 2
72 10 3
72 11 6
72 12 5
72 13 9
72 14 3
72 15 6
72 16 5
72 17 14
72 18 13
72 19 16
72 20 17
72 21 18
72 22 12
72 23 14
72 24 1
72 25 11
72 26 8
72 27 8
72 28 5
72 29 4
72 30 6
72 31 7
72 32 18
72 33 5
72 34 2
72 35 5
72 36 10
72 37 7
72 38 13
72 39 6
72 40 7
72 41 4
72 42 6
72 43 18
72 44 12
72 45 7
72 46 12
72 47 3
72 48 14
72 49 11
72 50 1
72 51 18
72 52 7
72 53 16
72 54 3
72 55 8
72 56 8
72 57 12
72 58 16
72 59 8
72 60 5
72 61 3
72 62 11
72 63 13
72 64 14
72 65 9
72 66 20
72 67 5
72 68 20
72 69 5
72 70 1
72 71 19
72 73 20
72 74 17
72 75 20
72 76 7
72 77 18
72 78 8
72 79 10
72 80 15
72 81 19
72 82 15
72 83 12
72 84 1
72 85 14
72 86 11
72 87 11
72 88 18
72 89 18
72 90 17
72 91 8
72 92 11
72 93 6
72 94 13
72 95 6
72 96 14
72 97 5
72 98 7
72 99 16
73 0 10
73 1 11
73 2 16
73 3 11
73 4 12
73 5 3
73 6 17
73 7 4
73 8 13
73 9 7
73 10 14
73 11 8
73 12 14
73 13 7
73 14 3
73 15 13
73 16 1
73 17 2
73 18 9
73 19 16
73 20 18
73 21 20
73 22 13
73 23 19
73 24 15
73 25 11
73 26 19
73 27 15
73 28 7
73 29 1
73 30 12
73 31 19
73 32 17
73 33 20
73 34 16
73 35 17
73 36 9
73 37 9
73 38 12
73 39 17
73 40 6
73 41 9
73 42 20
73 43 19
73 44 8
73 45 5
73 46 20
73 47 5
73 48 10
73 49 12
73 50 18
73 51 9
73 52 6
73 53 15
73 54 3
73 55 8
73 56 7
73 57 5
73 58 20
73 59 20
73 60 14
73 61 9
73 62 5
73 63 6
73 64 9
73 65 17
73 66 9
73 67 10
73 68 20
73 69 6
73 70 9
73 71 13
73 72 20
73 74 1
73 75 9
73 76 20
73 77 6
73 78 3
73 79 19
73 80 15
73 81 17
73 82 2
73 83 9
73 84 2
73 85 5
73 86 18
73 87 7
73 88 13
73 89 5
73 90 13
73 91 18
73 92 5
73 93 6
73 94 10
73 95 11
73 96 6
73 97 12
73 98 12
73 99 10
74 0 11
74 1 9
74 2 9
74 3 13
74 4 9
74 5 5
74 6 18
74 7 6
74 8 2
74 9 10
74 10 20
74 11 4
74 12 2
74 13 6
74 14 7
74 15 10
74 16 8
74 17 2
74 18 5
74 19 11
74 20 20
74 21 5
74 22 18
74 23 4
74 24 10
74 25 15
74 26 15
74 27 8
74 28 6
74 29 9
74 30 11
74 31 8
74 32 6
74 33 8
74 34 15
74 35 17
74 36 8
74 37 20
74 38 3
74 39 10
74 40 8
74 41 1
74 42 5
74 43 7
74 44 14
74 45 6
74 46 1
74 47 5
74 48 17
74 49 1
74 50 10
74 51 3
74 52 1
74 53 14
74 54 11
74 55 19
74 56 1
74 57 2
74 58 14
74 59 4
74 60 19
74 61 2
74 62 3
74 63 20
74 64 5
74 65 11
74 66 15
74 67 4
74 68 4
74 69 10
74 70 18
74 71 15
74 72 17
74 73 1
74 75 9
74 76 5
74 77 20
74 78 14
74 79 9
74 80 4
74 81 10
74 82 8
74 83 13
74 84 5
74 85 15
74 86 7
74 87 12
74 88 16
74 89 8
74 90 11
74 91 3
74 92 11
74 93 6
74 94 12
74 95 1
74 96 14
74 97 6
74 98 19
74 99 2
75 0 12
75 1 18
75 2 9
75 3 19
75 4 19
75 5 13
75 6 9
75 7 8
75 8 18
75 9 1
75 10 16
75 11 13
75 12 1
75 13 15
75 14 18
75 15 13
75 16 10
75 17 19
75 18 9
75 19 9
75 20 14
75 21 20
75 22 14
75 23 19
75 24 7
75 25 14
75 26 1
75 27 4
75 28 10
75 29 1
75 30 1
75 31 3
75 32 15
75 33 8
75 34 10
75 35 14
75 36 16
75 37 20
75 38 17
75 39 2
75 40 3
75 41 17
75 42 15
75 43 10
75 44 12
75 45 14
75 46 5
75 47 9
75 48 19
75 49 20
75 50 7
75 51 1
75 52 10
75 53 6
75 54 7
75 55 20
75 56 15
75 57 13
75 58 20
75 59 15
75 60 3
75 61 7
75 62 11
75 63 17
75 64 3
75 65 14
75 66 12
75 67 19
75 68 4
75 69 17
75 70 14
75 71 7
75 72 20
75 73 9
75 74 9
75 76 8
75 77 14
75 78 3
75 79 5
75 80 2
75 81 4
75 82 17
75 83 9
75 84 9
75 85 9
75 86 15
75 87 9
75 88 14
75 89 4
75 90 1
75 91 18
75 92 4
75 93 18
75 94 15
75 95 14
75 96 11
75 97 17
75 98 20
75 99 5
76 0 7
76 1 8
76 2 4
76 3 20
76 4 6
76 5 14
76 6 11
76 7 19
76 8 4
76 9 16
76 10 13
76 11 19
76 12 7
76 13 16
76 14 5
76 15 4
76 16 11
76 17 20
76 18 1
76 19 20
76 20 15
76 21 10
76 22 9
76 23 6
76 24 3
76 25 5
76 26 14
76 27 19
76 28 19
76 29 18
76 30 10
76 31 14
76 32 8
76 33 6
76 34 14
76 35 17
76 36 9
76 37 15
76 38 17
76 39 14
76 40 11
76 41 13
76 42 11
76 43 3
76 44 18
76 45 7
76 46 12
76 47 3
76 48 16
76 49 12
76 50 4
76 51 2
76 52 8
76 53 1
76 54 15
76 55 19
76 56 12
76 57 1
76 58 3
76 59 4
76 60 1
76 61 8
76 62 11
76 63 10
76 64 9
76 65 6
76 66 19
76 67 5
76 68 16
76 69 15
76 70 16
76 71 5
76 72 7
76 73 20
76 74 5
76 75 8
76 77 8
76 78 19
76 79 19
76 80 9
76 81 19
76 82 14
76 83 14
76 84 4
76 85 9
76 86 17
76 87 18
76 88 17
76 89 8
76 90 16
76 91 16
76 92 14
76 93 2
76 94 16
76 95 15
76 96 11
76 97 5
76 98 10
76 99 19
77 0 10
77 1 15
77 2 14
77 3 18
77 4 4
77 5 19
77 6 4
77 7 1
77 8 10
77 9 3
77 10 15
77 11 1
77 12 3
77 13 3
77 14 7
77 15 13
77 16 5
77 17 6
77 18 15
77 19 20
77 20 4
77 21 14
77 22 18
77 23 5
77 24 2
77 25 3
77 26 13
77 27 18
77 28 8
77 29 11
77 30 1
77 31 12
77 32 16
77 33 5
77 34 10
77 35 18
77 36 18
77 37 4
77 38 8
77 39 18
77 40 2
77 41 7
77 42 18
77 43 19
77 44 17
77 45 13
77 46 3
77 47 1
77 48 5
77 49 19
77 50 15
77 51 12
77 52 20
77 53 12
77 54 7
77 55 2
77 56 15
77 57 20
77 58 14
77 59 16
77 60 11
77 61 4
77 62 16
77 63 16
77 64 2
77 65 7
77 66 10
77 67 12
77 68 13
77 69 4
77 70 20
77 71 3
77 72 18
77 73 6
77 74 20
77 75 14
77 76 8
77 78 14
77 79 3
77 80 2
77 81 14
77 82 15
77 83 14
77 84 1
77 85 4
77 86 17
77 87 12
77 88 5
77 89 6
77 90 14
77 91 1
77 92 16
77 93 6
77 94 16
77 95 8
77 96 19
77 97 19
77 98 12
77 99 3
78 0 4
78 1 4
78 2 11
78 3 4
78 4 9
78 5 19
78 6 16
78 7 5
78 8 19
78 9 20
78 10 20
78 11 16
78 12 12
78 13 7
78 14 1
78 15 15
78 16 17
78 17 10
78 18 16
78 19 12
78 20 11
78 21 7
78 22 11
78 23 7
78 24 18
78 25 11
78 26 13
78 27 12
78 28 3
78 29 6
78 30 4
78 31 8
78 32 11
78 33 4
78 34 17
78 35 7
78 36 7
78 37 16
78 38 3
78 39 20
78 40 7
78 41 20
78 42 16
78 43 1
78 44 13
78 45 19
78 46 7
78 47 16
78 48 8
78 49 3
78 50 17
78 51 1
78 52 4
78 53 4
78 54 17
78 55 8
78 56 2
78 57 16
78 58 18
78 59 6
78 60 10
78 61 3
78 62 5
78 63 12
78 64 1
78 65 12
78 66 12
78 67 10
78 68 9
78 69 8
78 70 2
78 71 8
78 72 8
78 73 3
78 74 14
78 75 3
78 76 19
78 77 14
78 79 9
78 80 15
78 81 2
78 82 18
78 83 18
78 84 4
78 85 20
78 86 15
78 87 4
78 88 8
78 89 7
78 90 2
78 91 10
78 92 7
78 93 16
78 94 1
78 95 1
78 96 15
78 97 3
78 98 1
78 99 5
79 0 19
79 1 9
79 2 14
79 3 7
79 4 9
79 5 5
79 6 7
79 7 17
79 8 10
79 9 20
79 10 16
79 11 18
79 12 7
79 13 6
79 14 17
79 15 6
79 16 17
79 17 12
79 18 1
79 19 10
79 20 20
79 21 6
79 22 11
79 23 16
79 24 2
79 25 2
79 26 2
79 27 3
79 28 12
79 29 7
79 30 6
79 31 1
79 32 12
79 33 19
79 34 12
79 35 15
79 36 15
79 37 18
79 38 12
79 39 4
79 40 12
79 41 8
79 42 5
79 43 14
79 44 8
79 45 10
79 46 19
79 47 2
79 48 1
79 49 8
79 50 8
79 51 6
79 52 17
79 53 12
79 54 15
79 55 4
79 56 4
79 57 8
79 58 15
79 59 19
79 60 2
79 61 9
79 62 7
79 63 11
79 64 17
79 65 2
79 66 8
79 67 5
79 68 20
79 69 17
79 70 19
79 71 18
79 72 10
79 73 19
79 74 9
79 75 5
79 76 19
79 77 3
79 78 9
79 80 11
79 81 13
79 82 3
79 83 3
79 84 1
79 85 7
79 86 16
79 87 10
79 88 4
79 89 7
79 90 15
79 91 4
79 92 2
79 93 1
79 94 12
79 95 5
79 96 18
79 97 10
79 98 9
79 99 1
80 0 9
80 1 20
80 2 2
80 3 14
80 4 19
80 5 9
80 6 6
80 7 5
80 8 3
80 9 15
80 10 19
80 11 7
80 12 13
80 13 3
80 14 9
80 15 6
80 16 11
80 17 1
80 18 17
80 19 8
80 20 19
80 21 6
80 22 19
80 23 8
80 24 18
80 25 12
80 26 18
80 27 7
80 28 14
80 29 15
80 30 11
80 31 13
80 32 20
80 33 8
80 34 1
80 35 8
80 36 13
80 37 6
80 38 9
80 39 8
80 40 7
80 41 13
80 42 11
80 43 5
80 44 11
80 45 12
80 46 6
80 47 7
80 48 20
80 49 18
80 50 3
80 51 16
80 52 9
80 53 12
80 54 14
80 55 18
80 56 14
80 57 3
80 58 14
80 59 18
80 60 14
80 61 20
80 62 19
80 63 14
80 64 4
80 65 7
80 66 6
80 67 13
80 68 20
80 69 7
80 70 20
80 71 9
80 72 15
80 73 15
80 74 4
80 75 2
80 76 9
80 77 2
80 78 15
80 79 11
80 81 1
80 82 17
80 83 13
80 84 10
80 85 6
80 86 6
80 87 9
80 88 15
80 89 7
80 90 6
80 91 10
80 92 12
80 93 11
80 94 14
80 95 14
80 96 16
80 97 3
80 98 2
80 99 17
81 0 7
81 1 8
81 2 15
81 3 20
81 4 11
81 5 7
81 6 7
81 7 3
81 8 13
81 9 2
81 10 4
81 11 6
81 12 4
81 13 1
81 14 1
81 15 6
81 16 18
81 17 9
81 18 6
81 19 10
81 20 15
81 21 2
81 22 12
81 23 6
81 24 6
81 25 13
81 26 4
81 27 7
81 28 9
81 29 5
81 30 1
81 31 20
81 32 19
81 33 8
81 34 1
81 35 2
81 36 8
81 37 14
81 38 12
81 39 20
81 40 11
81 41 18
81 42 4
81 43 1
81 44 10
81 45 20
81 46 4
81 47 4
81 48 18
81 49 12
81 50 2
81 51 15
81 52 4
81 53 15
81 54 3
81 55 5
81 56 18
81 57 5
81 58 14
81 59 17
81 60 1
81 61 5
81 62 20
81 63 11
81 64 16
81 65 2
81 66 3
81 67 14
81 68 18
81 69 8
81 70 11
81 71 5
81 72 19
81 73 17
81 74 10
81 75 4
81 76 19
81 77 14
81 78 2
81 79 13
81 80 1
81 82 3
81 83 11
81 84 12
81 85 7
81 86 6
81 87 6
81 88 9
81 89 17
81 90 11
81 91 1
81 92 17
81 93 7
81 94 14
81 95 13
81 96 13
81 97 14
81 98 12
81 99 12
82 0 18
82 1 5
82 2 4
82 3 10
82 4 9
82 5 10
82 6 12
82 7 3
82 8 8
82 9 2
82 10 13
82 11 5
82 12 12
82 13 20
82 14 9
82 15 16
82 16 15
82 17 10
82 18 20
82 19 10
82 20 18
82 21 4
82 22 10
82 23 10
82 24 17
82 25 19
82 26 9
82 27 8
82 28 10
82 29 14
82 30 20
82 31 8
82 32 19
82 33 7
82 34 7
82 35 17
82 36 15
82 37 1
82 38 3
82 39 10
82 40 17
82 41 12
82 42 19
82 43 20
82 44 3
82 45 10
82 46 2
82 47 15
82 48 12
82 49 4
82 50 6
82 51 16
82 52 12
82 53 16
82 54 7
82 55 17
82 56 2
82 57 2
82 58 18
82 59 7
82 60 14
82 61 8
82 62 7
82 63 2
82 64 15
82 65 5
82 66 16
82 67 5
82 68 1
82 69 2
82 70 20
82 71 13
82 72 15
82 73 2
82 74 8
82 75 17
82 76 14
82 77 15
82 78 18
82 79 3
82 80 17
82 81 3
82 83 11
82 84 13
82 85 9
82 86 6
82 87 18
82 88 11
82 89 5
82 90 11
82 91 11
82 92 5
82 93 2
82 94 15
82 95 2
82 96 6
82 97 2
82 98 10
82 99 2
83 0 1
83 1 2
83 2 1
83 3 5
83 4 18
83 5 14
83 6 15
83 7 3
83 8 10
83 9 20
83 10 14
83 11 14
83 12 2
83 13 19
83 14 4
83 15 19
83 16 6
83 17 19
83 18 15
83 19 20
83 20 7
83 21 19
83 22 15
83 23 10
83 24 19
83 25 14
83 26 9
83 27 19
83 28 1
83 29 12
83 30 4
83 31 4
83 32 5
83 33 12
83 34 5
83 35 20
83 36 19
83 37 7
83 38 10
83 39 7
83 40 2
83 41 11
83 42 18
83 43 7
83 44 14
83 45 7
83 46 11
83 47 3
83 48 2
83 49 11
83 50 20
83 51 19
83 52 5
83 53 8
83 54 20
83 55 8
83 56 6
83 57 19
83 58 5
83 59 9
83 60 15
83 61 3
83 62 3
83 63 16
83 64 15
83 65 3
83 66 19
83 67 5
83 68 18
83 69 3
83 70 8
83 71 10
83 72 12
83 73 9
83 74 13
83 75 9
83 76 14
83 77 14
83 78 18
83 79 3
83 80 13
83 81 11
83 82 11
83 84 7
83 85 19
83 86 11
83 87 6
83 88 17
83 89 8
83 90 6
83 91 11
83 92 1
83 93 1
83 94 8
83 95 3
83 96 12
83 97 7
83 98 11
83 99 3
84 0 11
84 1 5
84 2 18
84 3 8
84 4 9
84 5 8
84 6 15
84 7 19
84 8 9
84 9 1
84 10 1
84 11 11
84 12 9
84 13 14
84 14 20
84 15 10
84 16 12
84 17 10
84 18 15
84 19 6
84 20 15
84 21 17
84 22 17
84 23 7
84 24 13
84 25 6
84 26 9
84 27 19
84 28 1
84 29 4
84 30 9
84 31 13
84 32 5
84 33 6
84 34 14
84 35 19
84 36 11
84 37 16
84 38 8
84 39 18
84 40 16
84 41 4
84 42 10
84 43 18
84 44 4
84 45 20
84 46 8
84 47 5
84 48 13
84 49 4
84 50 7
84 51 5
84 52 14
84 53 12
84 54 15
84 55 6
84 56 20
84 57 14
84 58 17
84 59 20
84 60 19
84 61 5
84 62 13
84 63 19
84 64 6
84 65 3
84 66 20
84 67 16
84 68 5
84 69 18
84 70 6
84 71 9
84 72 1
84 73 2
84 74 5
84 75 9
84 76 4
84 77 1
84 78 4
84 79 1
84 80 10
84 81 12
84 82 13
84 83 7
84 85 20
84 86 16
84 87 16
84 88 13
84 89 5
84 90 14
84 91 15
84 92 4
84 93 2
84 94 17
84 95 5
84 96 20
84 97 11
84 98 19
84 99 15
85 0 2
85 1 8
85 2 6
85 3 7
85 4 16
85 5 13
85 6 18
85 7 7
85 8 19
85 9 19
85 10 11
85 11 7
85 12 3
85 13 14
85 14 14
85 15 18
85 16 19
85 17 9
85 18 3
85 19 7
85 20 15
85 21 19
85 22 6
85 23 5
85 24 16
85 25 4
85 26 7
85 27 18
85 28 6
85 29 6
85 30 11
85 31 20
85 32 20
85 33 14
85 34 17
85 35 20
85 36 5
85 37 16
85 38 20
85 39 18
85 40 18
85 41 12
85 42 17
85 43 19
85 44 9
85 45 20
85 46 20
85 47 16
85 48 4
85 49 4
85 50 8
85 51 17
85 52 10
85 53 11
85 54 2
85 55 1
85 56 14
85 57 20
85 58 2
85 59 15
85 60 10
85 61 16
85 62 9
85 63 11
85 64 3
85 65 9
85 66 4
85 67 2
85 68 9
85 69 17
85 70 13
85 71 13
85 72 14
85 73 5
85 74 15
85 75 9
85 76 9
85 77 4
85 78 20
85 79 7
85 80 6
85 81 7
85 82 9
85 83 19
85 84 20
85 86 11
85 87 16
85 88 6
85 89 10
85 90 3
85 91 20
85 92 3
85 93 9
85 94 7
85 95 1
85 96 1
85 97 13
85 98 13
85 99 11
86 0 10
86 1 3
86 2 10
86 3 5
86 4 15
86 5 14
86 6 16
86 7 16
86 8 2
86 9 14
86 10 15
86 11 12
86 12 6
86 13 3
86 14 10
86 15 11
86 16 2
86 17 8
86 18 11
86 19 17
86 20 15
86 21 11
86 22 5
86 23 20
86 24 19
86 25 13
86 26 1
86 27 14
86 28 7
86 29 3
86 30 7
86 31 6
86 32 8
86 33 1
86 34 15
86 35 1
86 36 5
86 37 14
86 38 6
86 39 19
86 40 2
86 41 18
86 42 11
86 43 5
86 44 8
86 45 19
86 46 19
86 47 9
86 48 7
86 49 3
86 50 19
86 51 8
86 52 15
86 53 8
86 54 20
86 55 2
86 56 2
86 57 2
86 58 20
86 59 6
86 60 11
86 61 7
86 62 7
86 63 7
86 64 7
86 65 20
86 66 14
86 67 2
86 68 6
86 69 2
86 70 12
86 71 5
86 72 11
86 73 18
86 74 7
86 75 15
86 76 17
86 77 17
86 78 15
86 79 16
86 80 6
86 81 6
86 82 6
86 83 11
86 84 16
86 85 11
86 87 1
86 88 20
86 89 16
86 90 9
86 91 14
86 92 15
86 93 15
86 94 10
86 95 4
86 96 16
86 97 16
86 98 18
86 99 11
87 0 10
87 1 3
87 2 2
87 3 9
87 4 11
87 5 11
87 6 15
87 7 10
87 8 13
87 9 7
87 10 19
87 11 7
87 12 19
87 13 10
87 14 17
87 15 15
87 16 12
87 17 11
87 18 14
87 19 18
87 20 19
87 21 19
87 22 4
87 23 10
87 24 18
87 25 6
87 26 18
87 27 3
87 28 2
87 29 17
87 30 10
87 31 18
87 32 3
87 33 17
87 34 10
87 35 3
87 36 5
87 37 15
87 38 11
87 39 5
87 40 14
87 41 20
87 42 12
87 43 9
87 44 16
87 45 10
87 46 7
87 47 1
87 48 15
87 49 15
87 50 17
87 51 14
87 52 5
87 53 1
87 54 10
87 55 10
87 56 7
87 57 3
87 58 16
87 59 1
87 60 20
87 61 11
87 62 12
87 63 3
87 64 5
87 65 18
87 66 12
87 67 1
87 68 20
87 69 18
87 70 4
87 71 16
87 72 11
87 73 7
87 74 12
87 75 9
87 76 18
87 77 12
87 78 4
87 79 10
87 80 9
87 81 6
87 82 18
87 83 6
87 84 16
87 85 16
87 86 1
87 88 4
87 89 14
87 90 2
87 91 10
87 92 13
87 93 11
87 94 11
87 95 7
87 96 3
87 97 17
87 98 14
87 99 18
88 0 20
88 1 17
88 2 4
88 3 14
88 4 20
88 5 12
88 6 14
88 7 4
88 8 10
88 9 5
88 10 10
88 11 16
88 12 16
88 13 6
88 14 3
88 15 19
88 16 20
88 17 6
88 18 18
88 19 16
88 20 8
88 21 10
88 22 12
88 23 5
88 24 7
88 25 10
88 26 12
88 27 18
88 28 20
88 29 10
88 30 13
88 31 5
88 32 11
88 33 4
88 34 13
88 35 4
88 36 9
88 37 14
88 38 2
88 39 2
88 40 11
88 41 15
88 42 3
88 43 6
88 44 1
88 45 20
88 46 4
88 47 9
88 48 14
88 49 17
88 50 17
88 51 6
88 52 17
88 53 3
88 54 14
88 55 2
88 56 4
88 57 11
88 58 12
88 59 12
88 60 14
88 61 4
88 62 19
88 63 14
88 64 4
88 65 19
88 66 20
88 67 4
88 68 14
88 69 10
88 70 10
88 71 9
88 72 18
88 73 13
88 74 16
88 75 14
88 76 17
88 77 5
88 78 8
88 79 4
88 80 15
88 81 9
88 82 11
88 83 17
88 84 13
88 85 6
88 86 20
88 87 4
88 89 13
88 90 17
88 91 8
88 92 11
88 93 3
88 94 13
88 95 4
88 96 14
88 97 19
88 98 14
88 99 9
89 0 7
89 1 7
89 2 16
89 3 15
89 4 9
89 5 17
89 6 7
89 7 6
89 8 5
89 9 15
89 10 1
89 11 6
89 12 5
89 13 4
89 14 10
89 15 16
89 16 16
89 17 12
89 18 19
89 19 11
89 20 13
89 21 9
89 22 8
89 23 19
89 24 16
89 25 13
89 26 15
89 27 10
89 28 14
89 29 13
89 30 20
89 31 17
89 32 5
89 33 5
89 34 18
89 35 6
89 36 9
89 37 10
89 38 10
89 39 14
89 40 12
89 41 17
89 42 16
89 43 18
89 44 10
89 45 19
89 46 14
89 47 3
89 48 4
89 49 12
89 50 14
89 51 10
89 52 7
89 53 10
89 54 20
89 55 14
89 56 12
89 57 16
89 58 2
89 59 14
89 60 17
89 61 2
89 62 17
89 63 1
89 64 8
89 65 19
89 66 16
89 67 8
89 68 17
89 69 11
89 70 12
89 71 19
89 72 18
89 73 5
89 74 8
89 75 4
89 76 8
89 77 6
89 78 7
89 79 7
89 80 7
89 81 17
89 82 5
89 83 8
89 84 5
89 85 10
89 86 16
89 87 14
89 88 13
89 90 8
89 91 16
89 92 4
89 93 2
89 94 20
89 95 7
89 96 19
89 97 12
89 98 8
89 99 13
90 0 4
90 1 11
90 2 4
90 3 15
90 4 13
90 5 6
90 6 3
90 7 6
90 8 19
90 9 17
90 10 13
90 11 4
90 12 16
90 13 12
90 14 7
90 15 1
90 16 17
90 17 12
90 18 14
90 19 8
90 20 5
90 21 8
90 22 7
90 23 1
90 24 7
90 25 11
90 26 20
90 27 19
90 28 20
90 29 20
90 30 19
90 31 12
90 32 15
90 33 13
90 34 11
90 35 3
90 36 11
90 37 15
90 38 3
90 39 20
90 40 19
90 41 5
90 42 16
90 43 12
90 44 12
90 45 4
90 46 8
90 47 14
90 48 15
90 49 5
90 50 20
90 51 16
90 52 14
90 53 6
90 54 11
90 55 4
90 56 6
90 57 7
90 58 6
90 59 15
90 60 9
90 61 12
90 62 14
90 63 12
90 64 2
90 65 2
90 66 2
90 67 12
90 68 19
90 69 2
90 70 8
90 71 2
90 72 17
90 73 13
90 74 11
90 75 1
90 76 16
90 77 14
90 78 2
90 79 15
90 80 6
90 81 11
90 82 11
90 83 6
90 84 14
90 85 3
90 86 9
90 87 2
90 88 17
90 89 8
90 91 17
90 92 6
90 93 11
90 94 20
90 95 2
90 96 11
90 97 2
90 98 14
90 99 7
91 0 19
91 1 11
91 2 16
91 3 15
91 4 1
91 5 14
91 6 17
91 7 1
91 8 5
91 9 18
91 10 16
91 11 2
91 12 3
91 13 3
91 14 13
91 15 20
91 16 20
91 17 20
91 18 17
91 19 1
91 20 16
91 21 8
91 22 20
91 23 8
91 24 11
91 25 2
91 26 1
91 27 12
91 28 13
91 29 11
91 30 19
91 31 9
91 32 1
91 33 14
91 34 3
91 35 8
91 36 20
91 37 2
91 38 8
91 39 19
91 40 1
91 41 10
91 42 20
91 43 3
91 44 2
91 45 5
91 46 14
91 47 5
91 48 4
91 49 8
91 50 18
91 51 17
91 52 16
91 53 9
91 54 6
91 55 12
91 56 3
91 57 20
91 58 7
91 59 17
91 60 10
91 61 15
91 62 4
91 63 11
91 64 1
91 65 12
91 66 14
91 67 20
91 68 14
91 69 18
91 70 10
91 71 2
91 72 8
91 73 18
91 74 3
91 75 18
91 76 16
91 77 1
91 78 10
91 79 4
91 80 10
91 81 1
91 82 11
91 83 11
91 84 15
91 85 20
91 86 14
91 87 10
91 88 8
91 89 16
91 90 17
91 92 15
91 93 13
91 94 8
91 95 8
91 96 5
91 97 6
91 98 20
91 99 20
92 0 10
92 1 13
92 2 16
92 3 12
92 4 15
92 5 18
92 6 14
92 7 4
92 8 4
92 9 4
92 10 17
92 11 15
92 12 1
92 13 13
92 14 8
92 15 18
92 16 2
92 17 10
92 18 10
92 19 6
92 20 2
92 21 13
92 22 11
92 23 20
92 24 7
92 25 16
92 26 2
92 27 6
92 28 13
92 29 14
92 30 8
92 31 9
92 32 12
92 33 5
92 34 9
92 35 12
92 36 4
92 37 13
92 38 17
92 39 15
92 40 18
92 41 15
92 42 13
92 43 17
92 44 20
92 45 4
92 46 19
92 47 10
92 48 5
92 49 9
92 50 13
92 51 2
92 52 16
92 53 2
92 54 4
92 55 19
92 56 15
92 57 14
92 58 11
92 59 8
92 60 20
92 61 1
92 62 7
92 63 14
92 64 7
92 65 14
92 66 2
92 67 11
92 68 19
92 69 11
92 70 19
92 71 11
92 72 11
92 73 5
92 74 11
92 75 4
92 76 14
92 77 16
92 78 7
92 79 2
92 80 12
92 81 17
92 82 5
92 83 1
92 84 4
92 85 3
92 86 15
92 87 13
92 88 11
92 89 4
92 90 6
92 91 15
92 93 17
92 94 19
92 95 1
92 96 2
92 97 2
92 98 18
92 99 19
93 0 1
93 1 12
93 2 4
93 3 12
93 4 20
93 5 8
93 6 10
93 7 9
93 8 12
93 9 20
93 10 7
93 11 16
93 12 9
93 13 8
93 14 20
93 15 11
93 16 14
93 17 17
93 18 6
93 19 2
93 20 18
93 21 11
93 22 12
93 23 2
93 24 4
93 25 11
93 26 9
93 27 16
93 28 14
93 29 17
93 30 5
93 31 11
93 32 10
93 33 5
93 34 8
93 35 19
93 36 6
93 37 7
93 38 20
93 39 20
93 40 18
93 41 13
93 42 3
93 43 11
93 44 7
93 45 19
93 46 8
93 47 19
93 48 9
93 49 5
93 50 20
93 51 8
93 52 3
93 53 11
93 54 17
93 55 10
93 56 1
93 57 13
93 58 19
93 59 12
93 60 8
93 61 5
93 62 19
93 63 16
93 64 4
93 65 9
93 66 10
93 67 16
93 68 3
93 69 11
93 70 7
93 71 11
93 72 6
93 73 6
93 74 6
93 75 18
93 76 2
93 77 6
93 78 16
93 79 1
93 80 11
93 81 7
93 82 2
93 83 1
93 84 2
93 85 9
93 86 15
93 87 11
93 88 3
93 89 2
93 90 11
93 91 13
93 92 17
93 94 17
93 95 7
93 96 6
93 97 20
93 98 11
93 99 4
94 0 19
94 1 17
94 2 9
94 3 16
94 4 4
94 5 5
94 6 2
94 7 2
94 8 17
94 9 9
94 10 10
94 11 19
94 12 16
94 13 3
94 14 20
94 15 11
94 16 12
94 17 20
94 18 18
94 19 9
94 20 3
94 21 17
94 22 18
94 23 8
94 24 19
94 25 15
94 26 17
94 27 20
94 28 20
94 29 18
94 30 5
94 31 7
94 32 15
94 33 8
94 34 18
94 35 12
94 36 17
94 37 13
94 38 5
94 39 5
94 40 17
94 41 4
94 42 5
94 43 19
94 44 4
94 45 4
94 46 16
94 47 1
94 48 14
94 49 4
94 50 11
94 51 9
94 52 15
94 53 3
94 54 13
94 55 9
94 56 11
94 57 2
94 58 20
94 59 15
94 60 3
94 61 19
94 62 13
94 63 2
94 64 6
94 65 14
94 66 1
94 67 16
94 68 15
94 69 17
94 70 11
94 71 6
94 72 13
94 73 10
94 74 12
94 75 15
94 76 16
94 77 16
94 78 1
94 79 12
94 80 14
94 81 14
94 82 15
94 83 8
94 84 17
94 85 7
94 86 10
94 87 11
94 88 13
94 89 20
94 90 20
94 91 8
94 92 19
94 93 17
94 95 4
94 96 12
94 97 13
94 98 1
94 99 6
95 0 10
95 1 2
95 2 6
95 3 20
95 4 11
95 5 12
95 6 16
95 7 13
95 8 17
95 9 1
95 10 14
95 11 17
95 12 3
95 13 14
95 14 10
95 15 18
95 16 1
95 17 6
95 18 11
95 19 14
95 20 13
95 21 14
95 22 2
95 23 17
95 24 6
95 25 1
95 26 11
95 27 7
95 28 1
95 29 10
95 30 20
95 31 12
95 32 15
95 33 5
95 34 15
95 35 15
95 36 3
95 37 14
95 38 10
95 39 8
95 40 18
95 41 19
95 42 19
95 43 18
95 44 7
95 45 16
95 46 12
95 47 7
95 48 4
95 49 12
95 50 16
95 51 1
95 52 2
95 53 13
95 54 17
95 55 20
95 56 15
95 57 7
95 58 6
95 59 17
95 60 11
95 61 12
95 62 10
95 63 6
95 64 5
95 65 20
95 66 20
95 67 9
95 68 2
95 69 6
95 70 17
95 71 10
95 72 6
95 73 11
95 74 1
95 75 14
95 76 15
95 77 8
95 78 1
95 79 5
95 80 14
95 81 13
95 82 2
95 83 3
95 84 5
95 85 1
95 86 4
95 87 7
95 88 4
95 89 7
95 90 2
95 91 8
95 92 1
95 93 7
95 94 4
95 96 9
95 97 11
95 98 19
95 99 14
96 0 18
96 1 6
96 2 15
96 3 20
96 4 19
96 5 18
96 6 10
96 7 19
96 8 20
96 9 3
96 10 6
96 11 7
96 12 8
96 13 16
96 14 16
96 15 19
96 16 1
96 17 15
96 18 20
96 19 3
96 20 14
96 21 4
96 22 8
96 23 19
96 24 12
96 25 2
96 26 8
96 27 6
96 28 16
96 29 8
96 30 7
96 31 9
96 32 9
96 33 2
96 34 10
96 35 16
96 36 17
96 37 17
96 38 2
96 39 16
96 40 15
96 41 15
96 42 11
96 43 8
96 44 4
96 45 6
96 46 19
96 47 7
96 48 1
96 49 5
96 50 16
96 51 17
96 52 20
96 53 2
96 54 12
96 55 20
96 56 11
96 57 8
96 58 14
96 59 3
96 60 8
96 61 20
96 62 3
96 63 19
96 64 6
96 65 16
96 66 1
96 67 14
96 68 8
96 69 16
96 70 20
96 71 3
96 72 14
96 73 6
96 74 14
96 75 11
96 76 11
96 77 19
96 78 15
96 79 18
96 80 16
96 81 13
96 82 6
96 83 12
96 84 20
96 85 1
96 86 16
96 87 3
96 88 14
96 89 19
96 90 11
96 91 5
96 92 2
96 93 6
96 94 12
96 95 9
96 97 12
96 98 13
96 99 19
97 0 15
97 1 16
97 2 5
97 3 5
97 4 15
97 5 14
97 6 7
97 7 20
97 8 7
97 9 17
97 10 3
97 11 9
97 12 10
97 13 17
97 14 9
97 15 4
97 16 10
97 17 20
97 18 7
97 19 5
97 20 8
97 21 8
97 22 15
97 23 11
97 24 10
97 25 10
97 26 3
97 27 12
97 28 9
97 29 4
97 30 9
97 31 17
97 32 12
97 33 12
97 34 3
97 35 18
97 36 2
97 37 11
97 38 9
97 39 14
97 40 8
97 41 8
97 42 5
97 43 9
97 44 12
97 45 4
97 46 20
97 47 13
97 48 4
97 49 14
97 50 18
97 51 19
97 52 20
97 53 9
97 54 8
97 55 11
97 56 20
97 57 3
97 58 14
97 59 1
97 60 13
97 61 3
97 62 14
97 63 13
97 64 5
97 65 6
97 66 7
97 67 4
97 68 14
97 69 8
97 70 20
97 71 6
97 72 5
97 73 12
97 74 6
97 75 17
97 76 5
97 77 19
97 78 3
97 79 10
97 80 3
97 81 14
97 82 2
97 83 7
97 84 11
97 85 13
97 86 16
97 87 17
97 88 19
97 89 12
97 90 2
97 91 6
97 92 2
97 93 20
97 94 13
97 95 11
97 96 12
97 98 1
97 99 3
98 0 11
98 1 19
98 2 12
98 3 5
98 4 2
98 5 14
98 6 19
98 7 11
98 8 20
98 9 11
98 10 1
98 11 3
98 12 6
98 13 8
98 14 6
98 15 9
98 16 12
98 17 11
98 18 17
98 19 7
98 20 7
98 21 10
98 22 16
98 23 5
98 24 6
98 25 16
98 26 18
98 27 3
98 28 17
98 29 5
98 30 2
98 31 5
98 32 19
98 33 8
98 34 8
98 35 1
98 36 1
98 37 11
98 38 14
98 39 14
98 40 19
98 41 3
98 42 8
98 43 14
98 44 20
98 45 20
98 46 19
98 47 2
98 48 16
98 49 12
98 50 7
98 51 9
98 52 18
98 53 18
98 54 11
98 55 5
98 56 3
98 57 9
98 58 17
98 59 18
98 60 17
98 61 4
98 62 3
98 63 10
98 64 3
98 65 1
98 66 11
98 67 2
98 68 1
98 69 13
98 70 11
98 71 4
98 72 7
98 73 12
98 74 19
98 75 20
98 76 10
98 77 12
98 78 1
98 79 9
98 80 2
98 81 12
98 82 10
98 83 11
98 84 19
98 85 13
98 86 18
98 87 14
98 88 14
98 89 8
98 90 14
98 91 20
98 92 18
98 93 11
98 94 1
98 95 19
98 96 13
98 97 1
98 99 8
99 0 12
99 1 3
99 2 12
99 3 9
99 4 7
99 5 7
99 6 10
99 7 13
99 8 18
99 9 19
99 10 8
99 11 5
99 12 1
99 13 12
99 14 4
99 15 11
99 16 5
99 17 16
99 18 12
99 19 14
99 20 15
99 21 6
99 22 10
99 23 2
99 24 20
99 25 19
99 26 6
99 27 16
99 28 20
99 29 4
99 30 13
99 31 11
99 32 14
99 33 13
99 34 8
99 35 3
99 36 4
99 37 18
99 38 13
99 39 9
99 40 12
99 41 7
99 42 8
99 43 12
99 44 9
99 45 2
99 46 4
99 47 2
99 48 20
99 49 11
99 50 2
99 51 13
99 52 6
99 53 1
99 54 18
99 55 6
99 56 11
99 57 19
99 58 15
99 59 18
99 60 16
99 61 7
99 62 3
99 63 4
99 64 7
99 65 13
99 66 7
99 67 13
99 68 20
99 69 5
99 70 18
99 71 6
99 72 16
99 73 10
99 74 2
99 75 5
99 76 19
99 77 3
99 78 5
99 79 1
99 80 17
99 81 12
99 82 2
99 83 3
99 84 15
99 85 11
99 86 11
99 87 18
99 88 9
99 89 13
99 90 7
99 91 20
99 92 19
99 93 4
99 94 6
99 95 14
99 96 19
99 97 3
99 98 8
