48
-10  10  10
 10  10  10
 10 -10  10
-10 -10  10 
-10  10 -10
 10  10 -10
 10 -10 -10
-10 -10 -10 
 -5   5   5
  5   5   5
  5  -5   5
 -5  -5   5 
 -5   5  -5
  5   5  -5
  5  -5  -5
 -5  -5  -5 
 -10 40 10
 10 40 10
 10 20 10
 -10 20 10
 -10 40 -10
 10 40 -10
 10 20 -10
 -10 20 -10
 -5 35 5
 5 35 5
 5 25 5
 -5 25 5
 -5 35 -5
 5 35 -5
 5 25 -5
 -5 25 -5 
-10 -20 10
10 -20 10
10 -40 10
-10 -40 10
-10 -20 -10
10 -20 -10
10 -40 -10
-10 -40 -10
-5 -25 5
5 -25 5
5 -35 5
-5 -35 5
-5 -25 -5
5 -25 -5
5 -35 -5
-5 -35 -5
96
0 1
1 2
2 3
3 0
4 5
5 6
6 7
7 4
0 4
1 5
2 6
3 7
8 9
9 10
10 11
11 8
12 13
13 14
14 15
15 12
8 12
9 13
10 14
11 15
0 8
1 9
2 10
3 11
4 12
5 13
6 14
7 15
16 17
17 18
18 19
19 16
20 21
21 22
22 23
23 20
16 20
17 21
18 22
19 23
24 25
25 26
26 27
27 24
28 29
29 30
30 31
31 28
24 28
25 29
26 30
27 31
16 24
17 25
18 26
19 27
20 28
21 29
22 30
23 31
32 33
33 34
34 35
35 32
36 37
37 38
38 39
39 36
32 36
33 37
34 38
35 39
40 41
41 42
42 43
43 40
44 45
45 46
46 47
47 44
40 44
41 45
42 46
43 47
32 40
33 41
34 42
35 43
36 44
37 45
38 46
39 47