33
0.0 -120.0 -120.0
23.410800000000002 -120.0 -117.6942
45.922000000000004 -120.0 -110.86560000000001
66.6684 -120.0 -99.7764
84.8528 -120.0 -84.8528
99.7764 -120.0 -66.6684
110.86560000000001 -120.0 -45.922000000000004
117.6942 -120.0 -23.410800000000002
120.0 -120.0 0.0
117.6942 -120.0 23.410800000000002
110.86560000000001 -120.0 45.922000000000004
99.7764 -120.0 66.6684
84.8528 -120.0 84.8528
66.6684 -120.0 99.7764
45.922000000000004 -120.0 110.86560000000001
23.410800000000002 -120.0 117.6942
-0.0 -120.0 120.0
-23.410800000000002 -120.0 117.6942
-45.922000000000004 -120.0 110.86560000000001
-66.6684 -120.0 99.7764
-84.8528 -120.0 84.8528
-99.7764 -120.0 66.6684
-110.86560000000001 -120.0 45.922000000000004
-117.6942 -120.0 23.410800000000002
-120.0 -120.0 -0.0
-117.6942 -120.0 -23.410800000000002
-110.86560000000001 -120.0 -45.922000000000004
-99.7764 -120.0 -66.6684
-84.8528 -120.0 -84.8528
-66.6684 -120.0 -99.7764
-45.922000000000004 -120.0 -110.86560000000001
-23.410800000000002 -120.0 -117.6942
0.0 120.0 0.0
64
3 4
25 32
26 27
16 17
16 32
12 13
21 22
20 32
7 32
18 32
22 23
8 9
22 32
29 32
31 32
17 18
27 28
25 26
13 14
9 32
0 32
11 32
18 19
15 32
2 32
4 5
13 32
24 32
6 32
5 6
26 32
14 15
23 24
0 1
9 10
1 2
10 11
4 32
19 20
28 29
30 32
17 32
28 32
6 7
10 32
8 32
15 16
19 32
1 32
24 25
0 31
20 21
29 30
21 32
14 32
12 32
2 3
11 12
5 32
23 32
3 32
27 32
30 31
7 8
