576
170.0 0.0 0.0
163.3012 25.0 0.0
145.0 43.3012 0.0
120.0 50.0 0.0
95.0 43.3012 0.0
76.6988 25.0 0.0
70.0 0.0 0.0
76.6988 -25.0 0.0
95.0 -43.3012 0.0
120.0 -50.0 0.0
145.0 -43.3012 0.0
163.3012 -25.0 0.0
168.5456 0.0 -22.1894
161.9042 25.0 -21.315
143.7596 43.3012 -18.9262
118.97340000000001 50.0 -15.6632
94.1872 43.3012 -12.4
76.04260000000001 25.0 -10.0112
69.4012 0.0 -9.136800000000001
76.04260000000001 -25.0 -10.0112
94.1872 -43.3012 -12.4
118.97340000000001 -50.0 -15.6632
143.7596 -43.3012 -18.9262
161.9042 -25.0 -21.315
164.2074 0.0 -43.9992
157.737 25.0 -42.2654
140.0592 43.3012 -37.528800000000004
115.9112 50.0 -31.058200000000003
91.76299999999999 43.3012 -24.5878
74.0852 25.0 -19.851
67.6148 0.0 -18.1174
74.0852 -25.0 -19.851
91.76299999999999 -43.3012 -24.5878
115.9112 -50.0 -31.058200000000003
140.0592 -43.3012 -37.528800000000004
157.737 -25.0 -42.2654
157.05960000000002 0.0 -65.0562
150.8708 25.0 -62.492599999999996
133.9626 43.3012 -55.489
110.86560000000001 50.0 -45.922000000000004
87.76859999999999 43.3012 -36.355
70.8604 25.0 -29.351399999999998
64.6716 0.0 -26.7878
70.8604 -25.0 -29.351399999999998
87.76859999999999 -43.3012 -36.355
110.86560000000001 -50.0 -45.922000000000004
133.9626 -43.3012 -55.489
150.8708 -25.0 -62.492599999999996
147.2244 0.0 -85.0
141.423 25.0 -81.6506
125.5736 43.3012 -72.5
103.92300000000002 50.0 -60.0
82.2724 43.3012 -47.5
66.423 25.0 -38.3494
60.6218 0.0 -35.0
66.423 -25.0 -38.3494
82.2724 -43.3012 -47.5
103.92300000000002 -50.0 -60.0
125.5736 -43.3012 -72.5
141.423 -25.0 -81.6506
134.87 0.0 -103.4894
129.5556 25.0 -99.4114
115.03620000000001 43.3012 -88.27040000000001
95.2024 50.0 -73.0514
75.3686 43.3012 -57.83239999999999
60.8492 25.0 -46.6912
55.5348 0.0 -42.6132
60.8492 -25.0 -46.6912
75.3686 -43.3012 -57.83239999999999
95.2024 -50.0 -73.0514
115.03620000000001 -43.3012 -88.27040000000001
129.5556 -25.0 -99.4114
120.2082 0.0 -120.2082
115.4714 25.0 -115.4714
102.5304 43.3012 -102.5304
84.8528 50.0 -84.8528
67.1752 43.3012 -67.1752
54.2342 25.0 -54.2342
49.4974 0.0 -49.4974
54.2342 -25.0 -54.2342
67.1752 -43.3012 -67.1752
84.8528 -50.0 -84.8528
102.5304 -43.3012 -102.5304
115.4714 -25.0 -115.4714
103.4894 0.0 -134.87
99.41159999999999 25.0 -129.5556
88.27040000000001 43.3012 -115.03620000000001
73.0514 50.0 -95.2024
57.83239999999999 43.3012 -75.3686
46.6912 25.0 -60.8492
42.6134 0.0 -55.5348
46.6912 -25.0 -60.8492
57.83239999999999 -43.3012 -75.3686
73.0514 -50.0 -95.2024
88.27040000000001 -43.3012 -115.03620000000001
99.41159999999999 -25.0 -129.5556
85.0 0.0 -147.2244
81.6506 25.0 -141.423
72.5 43.3012 -125.5736
60.0 50.0 -103.92300000000002
47.5 43.3012 -82.2724
38.3494 25.0 -66.423
35.0 0.0 -60.6218
38.3494 -25.0 -66.423
47.5 -43.3012 -82.2724
60.0 -50.0 -103.92300000000002
72.5 -43.3012 -125.5736
81.6506 -25.0 -141.423
65.0562 0.0 -157.05960000000002
62.4928 25.0 -150.87060000000002
55.489200000000004 43.3012 -133.9626
45.922000000000004 50.0 -110.86560000000001
36.355 43.3012 -87.76859999999999
29.351399999999998 25.0 -70.8604
26.7878 0.0 -64.6716
29.351399999999998 -25.0 -70.8604
36.355 -43.3012 -87.76859999999999
45.922000000000004 -50.0 -110.86560000000001
55.489200000000004 -43.3012 -133.9626
62.4928 -25.0 -150.87060000000002
43.9992 0.0 -164.2074
42.2654 25.0 -157.737
37.528800000000004 43.3012 -140.0592
31.058200000000003 50.0 -115.9112
24.5878 43.3012 -91.76299999999999
19.851 25.0 -74.0852
18.1174 0.0 -67.6148
19.851 -25.0 -74.0852
24.5878 -43.3012 -91.76299999999999
31.058200000000003 -50.0 -115.9112
37.528800000000004 -43.3012 -140.0592
42.2654 -25.0 -157.737
22.1894 0.0 -168.5456
21.315 25.0 -161.9042
18.9262 43.3012 -143.7596
15.6632 50.0 -118.97340000000001
12.4 43.3012 -94.1872
10.0112 25.0 -76.04260000000001
9.136800000000001 0.0 -69.4012
10.0112 -25.0 -76.04260000000001
12.4 -43.3012 -94.1872
15.6632 -50.0 -118.97340000000001
18.9262 -43.3012 -143.7596
21.315 -25.0 -161.9042
0.0 0.0 -170.0
0.0 25.0 -163.3012
0.0 43.3012 -145.0
0.0 50.0 -120.0
0.0 43.3012 -95.0
0.0 25.0 -76.6988
0.0 0.0 -70.0
0.0 -25.0 -76.6988
0.0 -43.3012 -95.0
0.0 -50.0 -120.0
0.0 -43.3012 -145.0
0.0 -25.0 -163.3012
-22.1894 0.0 -168.5456
-21.3152 25.0 -161.9042
-18.926399999999997 43.3012 -143.7596
-15.6632 50.0 -118.97340000000001
-12.4 43.3012 -94.1872
-10.0112 25.0 -76.04260000000001
-9.136800000000001 0.0 -69.4012
-10.0112 -25.0 -76.04260000000001
-12.4 -43.3012 -94.1872
-15.6632 -50.0 -118.97340000000001
-18.926399999999997 -43.3012 -143.7596
-21.3152 -25.0 -161.9042
-43.9992 0.0 -164.2074
-42.2654 25.0 -157.737
-37.528800000000004 43.3012 -140.0592
-31.058200000000003 50.0 -115.9112
-24.5878 43.3012 -91.76299999999999
-19.851 25.0 -74.0852
-18.1174 0.0 -67.6148
-19.851 -25.0 -74.0852
-24.5878 -43.3012 -91.76299999999999
-31.058200000000003 -50.0 -115.9112
-37.528800000000004 -43.3012 -140.0592
-42.2654 -25.0 -157.737
-65.0562 0.0 -157.05960000000002
-62.4928 25.0 -150.8708
-55.489200000000004 43.3012 -133.9626
-45.922000000000004 50.0 -110.86560000000001
-36.355 43.3012 -87.76859999999999
-29.351399999999998 25.0 -70.8604
-26.7878 0.0 -64.6716
-29.351399999999998 -25.0 -70.8604
-36.355 -43.3012 -87.76859999999999
-45.922000000000004 -50.0 -110.86560000000001
-55.489200000000004 -43.3012 -133.9626
-62.4928 -25.0 -150.8708
-85.0 0.0 -147.2244
-81.6506 25.0 -141.423
-72.5 43.3012 -125.5738
-60.0 50.0 -103.92300000000002
-47.5 43.3012 -82.2724
-38.3494 25.0 -66.423
-35.0 0.0 -60.6218
-38.3494 -25.0 -66.423
-47.5 -43.3012 -82.2724
-60.0 -50.0 -103.92300000000002
-72.5 -43.3012 -125.5738
-81.6506 -25.0 -141.423
-103.4894 0.0 -134.87
-99.41159999999999 25.0 -129.5556
-88.27040000000001 43.3012 -115.03620000000001
-73.0514 50.0 -95.2024
-57.83239999999999 43.3012 -75.3686
-46.6912 25.0 -60.8492
-42.6134 0.0 -55.5348
-46.6912 -25.0 -60.8492
-57.83239999999999 -43.3012 -75.3686
-73.0514 -50.0 -95.2024
-88.27040000000001 -43.3012 -115.03620000000001
-99.41159999999999 -25.0 -129.5556
-120.2082 0.0 -120.2082
-115.4714 25.0 -115.4714
-102.5306 43.3012 -102.5304
-84.8528 50.0 -84.8528
-67.1752 43.3012 -67.1752
-54.2342 25.0 -54.2342
-49.4974 0.0 -49.4974
-54.2342 -25.0 -54.2342
-67.1752 -43.3012 -67.1752
-84.8528 -50.0 -84.8528
-102.5306 -43.3012 -102.5304
-115.4714 -25.0 -115.4714
-134.87 0.0 -103.4894
-129.5556 25.0 -99.41159999999999
-115.03620000000001 43.3012 -88.27040000000001
-95.2024 50.0 -73.0514
-75.3686 43.3012 -57.83239999999999
-60.8492 25.0 -46.6912
-55.5348 0.0 -42.6134
-60.8492 -25.0 -46.6912
-75.3686 -43.3012 -57.83239999999999
-95.2024 -50.0 -73.0514
-115.03620000000001 -43.3012 -88.27040000000001
-129.5556 -25.0 -99.41159999999999
-147.2242 0.0 -85.0
-141.423 25.0 -81.6506
-125.5736 43.3012 -72.5
-103.92300000000002 50.0 -60.0
-82.2724 43.3012 -47.5
-66.423 25.0 -38.3494
-60.6218 0.0 -35.0
-66.423 -25.0 -38.3494
-82.2724 -43.3012 -47.5
-103.92300000000002 -50.0 -60.0
-125.5736 -43.3012 -72.5
-141.423 -25.0 -81.6506
-157.05960000000002 0.0 -65.0562
-150.8708 25.0 -62.4928
-133.9626 43.3012 -55.489200000000004
-110.86560000000001 50.0 -45.922000000000004
-87.76859999999999 43.3012 -36.355
-70.8604 25.0 -29.351399999999998
-64.6716 0.0 -26.7878
-70.8604 -25.0 -29.351399999999998
-87.76859999999999 -43.3012 -36.355
-110.86560000000001 -50.0 -45.922000000000004
-133.9626 -43.3012 -55.489200000000004
-150.8708 -25.0 -62.4928
-164.2074 0.0 -43.9992
-157.737 25.0 -42.2654
-140.0592 43.3012 -37.528800000000004
-115.9112 50.0 -31.058200000000003
-91.76299999999999 43.3012 -24.5878
-74.0852 25.0 -19.851
-67.6148 0.0 -18.1174
-74.0852 -25.0 -19.851
-91.76299999999999 -43.3012 -24.5878
-115.9112 -50.0 -31.058200000000003
-140.0592 -43.3012 -37.528800000000004
-157.737 -25.0 -42.2654
-168.5456 0.0 -22.1894
-161.9042 25.0 -21.3152
-143.7596 43.3012 -18.926399999999997
-118.97340000000001 50.0 -15.6632
-94.1872 43.3012 -12.4
-76.04260000000001 25.0 -10.0112
-69.4012 0.0 -9.136800000000001
-76.04260000000001 -25.0 -10.0112
-94.1872 -43.3012 -12.4
-118.97340000000001 -50.0 -15.6632
-143.7596 -43.3012 -18.926399999999997
-161.9042 -25.0 -21.3152
-170.0 0.0 -0.0
-163.3012 25.0 -0.0
-145.0 43.3012 -0.0
-120.0 50.0 -0.0
-95.0 43.3012 -0.0
-76.6988 25.0 -0.0
-70.0 0.0 -0.0
-76.6988 -25.0 -0.0
-95.0 -43.3012 -0.0
-120.0 -50.0 -0.0
-145.0 -43.3012 -0.0
-163.3012 -25.0 -0.0
-168.5456 0.0 22.1894
-161.9042 25.0 21.3152
-143.7596 43.3012 18.926399999999997
-118.97340000000001 50.0 15.6632
-94.1872 43.3012 12.4
-76.04260000000001 25.0 10.0112
-69.4012 0.0 9.136800000000001
-76.04260000000001 -25.0 10.0112
-94.1872 -43.3012 12.4
-118.97340000000001 -50.0 15.6632
-143.7596 -43.3012 18.926399999999997
-161.9042 -25.0 21.3152
-164.2074 0.0 43.9992
-157.737 25.0 42.2654
-140.0592 43.3012 37.528800000000004
-115.9112 50.0 31.058200000000003
-91.76299999999999 43.3012 24.5878
-74.0852 25.0 19.851
-67.6148 0.0 18.1174
-74.0852 -25.0 19.851
-91.76299999999999 -43.3012 24.5878
-115.9112 -50.0 31.058200000000003
-140.0592 -43.3012 37.528800000000004
-157.737 -25.0 42.2654
-157.05960000000002 0.0 65.0562
-150.8708 25.0 62.492599999999996
-133.9626 43.3012 55.489
-110.86560000000001 50.0 45.922000000000004
-87.76859999999999 43.3012 36.3548
-70.8604 25.0 29.351399999999998
-64.6716 0.0 26.7878
-70.8604 -25.0 29.351399999999998
-87.76859999999999 -43.3012 36.3548
-110.86560000000001 -50.0 45.922000000000004
-133.9626 -43.3012 55.489
-150.8708 -25.0 62.492599999999996
-147.2244 0.0 85.0
-141.423 25.0 81.6506
-125.5738 43.3012 72.5
-103.92300000000002 50.0 60.0
-82.2724 43.3012 47.5
-66.423 25.0 38.3494
-60.6218 0.0 35.0
-66.423 -25.0 38.3494
-82.2724 -43.3012 47.5
-103.92300000000002 -50.0 60.0
-125.5738 -43.3012 72.5
-141.423 -25.0 81.6506
-134.87 0.0 103.4894
-129.5556 25.0 99.41159999999999
-115.03620000000001 43.3012 88.27040000000001
-95.2024 50.0 73.0514
-75.3686 43.3012 57.83239999999999
-60.8492 25.0 46.6912
-55.5348 0.0 42.6134
-60.8492 -25.0 46.6912
-75.3686 -43.3012 57.83239999999999
-95.2024 -50.0 73.0514
-115.03620000000001 -43.3012 88.27040000000001
-129.5556 -25.0 99.41159999999999
-120.2082 0.0 120.2082
-115.4714 25.0 115.4714
-102.5306 43.3012 102.5304
-84.8528 50.0 84.8528
-67.1752 43.3012 67.1752
-54.2342 25.0 54.2342
-49.4974 0.0 49.4974
-54.2342 -25.0 54.2342
-67.1752 -43.3012 67.1752
-84.8528 -50.0 84.8528
-102.5306 -43.3012 102.5304
-115.4714 -25.0 115.4714
-103.48960000000001 0.0 134.87
-99.41159999999999 25.0 129.5556
-88.27040000000001 43.3012 115.03620000000001
-73.0514 50.0 95.2024
-57.83239999999999 43.3012 75.3686
-46.6912 25.0 60.8492
-42.6134 0.0 55.5348
-46.6912 -25.0 60.8492
-57.83239999999999 -43.3012 75.3686
-73.0514 -50.0 95.2024
-88.27040000000001 -43.3012 115.03620000000001
-99.41159999999999 -25.0 129.5556
-85.0 0.0 147.2244
-81.6506 25.0 141.423
-72.5 43.3012 125.5738
-60.0 50.0 103.92300000000002
-47.5 43.3012 82.2724
-38.3494 25.0 66.423
-35.0 0.0 60.6218
-38.3494 -25.0 66.423
-47.5 -43.3012 82.2724
-60.0 -50.0 103.92300000000002
-72.5 -43.3012 125.5738
-81.6506 -25.0 141.423
-65.0562 0.0 157.05960000000002
-62.4928 25.0 150.8708
-55.489200000000004 43.3012 133.9626
-45.922000000000004 50.0 110.86560000000001
-36.355 43.3012 87.76859999999999
-29.351399999999998 25.0 70.8604
-26.7878 0.0 64.6716
-29.351399999999998 -25.0 70.8604
-36.355 -43.3012 87.76859999999999
-45.922000000000004 -50.0 110.86560000000001
-55.489200000000004 -43.3012 133.9626
-62.4928 -25.0 150.8708
-43.9992 0.0 164.2074
-42.2656 25.0 157.737
-37.528800000000004 43.3012 140.0592
-31.058400000000002 50.0 115.911
-24.5878 43.3012 91.76299999999999
-19.8512 25.0 74.0852
-18.1174 0.0 67.6148
-19.8512 -25.0 74.0852
-24.5878 -43.3012 91.76299999999999
-31.058400000000002 -50.0 115.911
-37.528800000000004 -43.3012 140.0592
-42.2656 -25.0 157.737
-22.189600000000002 0.0 168.5456
-21.3152 25.0 161.9042
-18.926399999999997 43.3012 143.7596
-15.6632 50.0 118.97340000000001
-12.4 43.3012 94.1872
-10.0112 25.0 76.04260000000001
-9.136800000000001 0.0 69.4012
-10.0112 -25.0 76.04260000000001
-12.4 -43.3012 94.1872
-15.6632 -50.0 118.97340000000001
-18.926399999999997 -43.3012 143.7596
-21.3152 -25.0 161.9042
0.0 0.0 170.0
0.0 25.0 163.3012
0.0 43.3012 145.0
0.0 50.0 120.0
0.0 43.3012 95.0
0.0 25.0 76.6988
0.0 0.0 70.0
0.0 -25.0 76.6988
0.0 -43.3012 95.0
0.0 -50.0 120.0
0.0 -43.3012 145.0
0.0 -25.0 163.3012
22.1894 0.0 168.5456
21.315 25.0 161.9042
18.9262 43.3012 143.7596
15.6632 50.0 118.97340000000001
12.4 43.3012 94.1872
10.0112 25.0 76.04260000000001
9.136800000000001 0.0 69.4012
10.0112 -25.0 76.04260000000001
12.4 -43.3012 94.1872
15.6632 -50.0 118.97340000000001
18.9262 -43.3012 143.7596
21.315 -25.0 161.9042
43.9992 0.0 164.2074
42.2654 25.0 157.737
37.5286 43.3012 140.0592
31.058200000000003 50.0 115.9112
24.5878 43.3012 91.76299999999999
19.851 25.0 74.0852
18.1174 0.0 67.6148
19.851 -25.0 74.0852
24.5878 -43.3012 91.76299999999999
31.058200000000003 -50.0 115.9112
37.5286 -43.3012 140.0592
42.2654 -25.0 157.737
65.0562 0.0 157.05960000000002
62.4928 25.0 150.87060000000002
55.489200000000004 43.3012 133.9626
45.922000000000004 50.0 110.86560000000001
36.355 43.3012 87.76859999999999
29.351399999999998 25.0 70.8604
26.7878 0.0 64.6716
29.351399999999998 -25.0 70.8604
36.355 -43.3012 87.76859999999999
45.922000000000004 -50.0 110.86560000000001
55.489200000000004 -43.3012 133.9626
62.4928 -25.0 150.87060000000002
85.0 0.0 147.2244
81.6506 25.0 141.423
72.5 43.3012 125.5736
60.0 50.0 103.92300000000002
47.5 43.3012 82.2724
38.3494 25.0 66.423
35.0 0.0 60.6218
38.3494 -25.0 66.423
47.5 -43.3012 82.2724
60.0 -50.0 103.92300000000002
72.5 -43.3012 125.5736
81.6506 -25.0 141.423
103.4894 0.0 134.8702
99.4114 25.0 129.5556
88.27040000000001 43.3012 115.03620000000001
73.0514 50.0 95.2024
57.83239999999999 43.3012 75.3686
46.6912 25.0 60.8492
42.6132 0.0 55.5348
46.6912 -25.0 60.8492
57.83239999999999 -43.3012 75.3686
73.0514 -50.0 95.2024
88.27040000000001 -43.3012 115.03620000000001
99.4114 -25.0 129.5556
120.208 0.0 120.2082
115.4714 25.0 115.47160000000001
102.5304 43.3012 102.5306
84.8528 50.0 84.8528
67.1752 43.3012 67.1752
54.2342 25.0 54.2342
49.4974 0.0 49.497600000000006
54.2342 -25.0 54.2342
67.1752 -43.3012 67.1752
84.8528 -50.0 84.8528
102.5304 -43.3012 102.5306
115.4714 -25.0 115.47160000000001
134.87 0.0 103.4894
129.5556 25.0 99.4114
115.03620000000001 43.3012 88.27040000000001
95.2024 50.0 73.0514
75.3686 43.3012 57.83239999999999
60.8492 25.0 46.6912
55.5348 0.0 42.6132
60.8492 -25.0 46.6912
75.3686 -43.3012 57.83239999999999
95.2024 -50.0 73.0514
115.03620000000001 -43.3012 88.27040000000001
129.5556 -25.0 99.4114
147.2244 0.0 85.0
141.423 25.0 81.6506
125.5736 43.3012 72.5
103.92300000000002 50.0 60.0
82.2724 43.3012 47.5
66.423 25.0 38.3494
60.6218 0.0 35.0
66.423 -25.0 38.3494
82.2724 -43.3012 47.5
103.92300000000002 -50.0 60.0
125.5736 -43.3012 72.5
141.423 -25.0 81.6506
157.05960000000002 0.0 65.0562
150.87060000000002 25.0 62.4928
133.9626 43.3012 55.489200000000004
110.86560000000001 50.0 45.922000000000004
87.76859999999999 43.3012 36.355
70.8604 25.0 29.351399999999998
64.6716 0.0 26.7878
70.8604 -25.0 29.351399999999998
87.76859999999999 -43.3012 36.355
110.86560000000001 -50.0 45.922000000000004
133.9626 -43.3012 55.489200000000004
150.87060000000002 -25.0 62.4928
164.2074 0.0 43.9992
157.737 25.0 42.2654
140.0592 43.3012 37.528800000000004
115.9112 50.0 31.058200000000003
91.76299999999999 43.3012 24.5878
74.0852 25.0 19.851
67.6148 0.0 18.1174
74.0852 -25.0 19.851
91.76299999999999 -43.3012 24.5878
115.9112 -50.0 31.058200000000003
140.0592 -43.3012 37.528800000000004
157.737 -25.0 42.2654
168.5456 0.0 22.1894
161.9042 25.0 21.315
143.7596 43.3012 18.9262
118.97340000000001 50.0 15.6632
94.1872 43.3012 12.4
76.04260000000001 25.0 10.0112
69.4012 0.0 9.136800000000001
76.04260000000001 -25.0 10.0112
94.1872 -43.3012 12.4
118.97340000000001 -50.0 15.6632
143.7596 -43.3012 18.9262
161.9042 -25.0 21.315
1152
444 445
67 68
465 477
99 100
88 100
536 537
159 160
557 569
70 82
8 9
180 192
406 418
40 41
29 41
477 478
100 101
498 510
11 23
132 133
121 133
343 344
569 570
192 193
41 42
73 74
62 74
240 251
284 285
133 134
44 56
154 166
376 377
3 15
14 15
225 226
74 75
468 469
106 107
95 107
317 318
516 527
166 167
155 167
15 16
409 410
36 48
226 227
258 259
247 259
96 108
18 30
128 140
318 319
350 351
199 200
188 200
48 49
442 443
80 81
69 81
259 260
291 292
280 292
140 141
129 141
351 352
372 384
10 22
232 233
221 233
81 82
475 476
102 114
292 293
464 476
324 325
313 325
535 536
173 174
162 174
556 568
384 385
22 23
416 417
43 55
233 234
405 417
265 266
254 266
432 443
476 477
114 115
103 115
497 509
325 326
357 358
346 358
568 569
206 207
195 207
417 418
55 56
449 450
76 88
266 267
438 450
298 299
287 299
2 566
509 510
147 148
136 148
530 542
358 359
347 359
390 391
207 208
180 191
379 391
228 240
450 451
77 89
439 451
471 483
331 332
320 332
542 543
169 181
531 543
391 392
380 392
423 424
240 241
412 424
261 273
483 484
110 122
472 484
504 516
332 333
321 333
364 365
181 182
353 365
202 214
424 425
51 63
413 425
445 457
273 274
294 306
516 517
143 155
505 517
365 366
354 366
386 398
214 215
235 247
36 47
457 458
446 458
478 490
306 307
327 339
549 550
538 550
398 399
387 399
21 22
419 431
268 280
490 491
479 491
113 114
339 340
312 323
328 340
360 372
205 206
372 383
420 432
54 55
452 464
523 524
512 524
146 147
361 373
453 465
87 88
302 314
545 557
394 406
28 29
17 29
88 89
486 498
120 121
109 121
335 347
557 558
168 179
180 181
201 213
29 30
427 439
61 62
50 62
228 239
272 273
121 122
519 531
153 154
142 154
2 3
213 214
234 246
62 63
9 573
94 95
83 95
305 306
504 515
154 155
552 564
175 187
3 4
397 398
24 36
564 575
246 247
267 279
84 96
127 128
116 128
338 339
553 565
187 188
176 188
208 220
36 37
430 431
68 69
57 69
279 280
128 129
117 129
160 161
149 161
220 221
209 221
241 253
69 70
58 70
101 102
90 102
312 313
301 313
527 539
161 162
150 162
182 194
10 11
360 371
372 373
31 43
404 405
393 405
253 254
242 254
464 465
102 103
91 103
485 497
123 135
313 314
345 346
334 346
8 572
556 557
194 195
183 195
215 227
43 44
32 44
405 406
64 76
426 438
286 287
275 287
497 498
135 136
108 119
124 136
156 168
346 347
518 530
378 379
5 17
367 379
216 228
438 439
76 77
65 77
459 471
97 109
319 320
308 320
530 531
168 169
157 169
551 563
189 201
6 18
379 380
368 380
400 412
489 490
260 261
249 261
471 472
98 110
460 472
492 504
320 321
309 321
352 353
341 353
190 202
412 413
39 51
401 413
433 445
261 262
293 294
282 294
504 505
131 143
493 505
525 537
353 354
342 354
463 464
385 386
374 386
552 563
223 235
24 35
445 446
72 84
434 446
466 478
294 295
283 295
315 327
537 538
164 176
526 538
558 570
386 387
375 387
9 10
407 419
256 268
478 479
467 479
499 511
327 328
300 311
316 328
348 360
437 438
570 571
197 209
559 571
408 420
42 43
440 452
268 269
257 269
289 301
511 512
500 512
134 135
532 544
360 361
349 361
381 393
452 453
441 453
75 76
473 485
290 302
411 412
544 545
533 545
382 394
16 17
231 243
474 486
108 109
506 518
323 335
156 167
415 427
49 50
38 50
216 227
264 276
109 110
507 519
130 142
356 368
201 202
50 51
448 460
82 83
71 83
492 503
142 143
540 552
163 175
12 24
234 235
255 267
481 493
115 116
104 116
326 327
175 176
196 208
24 25
56 57
45 57
267 268
288 300
116 117
105 117
137 149
208 209
229 241
57 58
46 58
4 568
89 90
78 90
300 301
149 150
138 150
170 182
348 359
19 31
30 31
241 242
230 242
262 274
90 91
79 91
200 201
111 123
333 334
322 334
182 183
171 183
203 215
31 32
20 32
141 142
52 64
414 426
274 275
263 275
295 307
123 124
112 124
485 486
144 156
355 367
204 216
236 248
64 65
53 65
174 175
85 97
426 427
447 459
307 308
296 308
11 575
518 519
156 157
145 157
539 551
177 189
5 6
388 400
26 38
248 249
237 249
269 281
97 98
86 98
459 460
118 130
418 419
480 492
340 341
329 341
3 567
189 190
178 190
210 222
27 39
148 149
400 401
421 433
510 511
281 282
270 282
492 493
119 131
513 525
151 163
451 452
362 374
222 223
211 223
12 23
243 255
60 72
433 434
422 434
392 393
454 466
543 544
314 315
303 315
525 526
152 164
514 526
374 375
1 13
122 123
395 407
484 485
244 256
466 467
93 105
455 467
487 499
425 426
288 299
336 348
10 574
558 559
185 197
547 559
96 107
396 408
517 518
428 440
366 367
277 289
499 500
126 138
488 500
520 532
348 349
458 459
369 381
218 230
440 441
429 441
63 64
461 473
399 400
550 551
310 322
532 533
521 533
381 382
370 382
4 5
402 414
25 37
473 474
462 474
494 506
432 433
144 155
565 566
554 566
403 415
524 525
37 38
435 447
373 374
506 507
495 507
344 356
465 466
436 448
546 558
70 71
59 71
406 407
480 491
130 131
528 540
377 389
498 499
0 12
469 481
92 104
163 164
561 573
184 196
410 422
44 45
33 45
255 256
502 514
125 137
196 197
217 229
66 78
288 289
137 138
247 248
158 170
96 97
336 347
18 19
7 19
229 230
250 262
188 189
99 111
170 171
159 171
280 281
191 203
129 130
40 52
262 263
251 263
111 112
100 112
221 222
132 144
420 431
343 355
192 204
224 236
162 163
73 85
295 296
284 296
144 145
133 145
254 255
165 177
103 104
376 388
14 26
236 237
225 237
85 86
195 196
468 480
106 118
317 329
177 178
166 178
276 288
198 210
136 137
409 421
47 59
269 270
258 270
118 119
107 119
228 229
139 151
77 78
439 440
350 362
210 211
199 211
531 532
169 170
442 454
80 92
380 381
291 303
513 514
151 152
140 152
172 184
110 111
472 473
383 395
321 322
243 244
232 244
564 565
81 93
202 203
475 487
413 414
51 52
324 336
535 547
173 185
84 95
505 506
416 428
354 355
265 277
487 488
114 126
235 236
476 488
446 447
357 369
206 218
538 539
55 67
449 461
387 388
298 310
520 521
147 159
509 521
390 402
328 329
239 251
461 462
571 572
560 572
420 421
331 343
5 569
132 143
542 554
512 513
501 513
25 26
423 435
361 362
572 573
494 495
483 495
453 454
6 570
364 376
302 303
435 436
545 546
534 546
394 395
17 18
468 479
516 528
486 487
276 287
546 547
457 469
427 428
549 561
519 520
508 520
21 33
490 502
113 125
205 217
431 443
552 553
54 66
541 553
13 25
523 535
146 158
72 83
84 85
482 494
217 218
553 554
176 177
87 99
179 191
117 118
515 527
28 40
250 251
209 210
120 132
58 59
408 419
456 468
301 302
150 151
548 560
61 73
272 284
393 394
242 243
153 165
91 92
2 14
224 225
213 225
334 335
183 184
94 106
32 33
305 317
165 166
124 125
397 409
35 47
246 258
367 368
216 217
127 139
65 66
338 350
264 275
276 277
198 199
187 199
308 309
297 309
157 158
430 442
68 80
6 7
368 369
279 291
389 401
139 140
249 250
238 250
160 172
98 99
460 461
371 383
309 310
220 232
341 342
330 342
540 551
190 191
101 113
39 40
401 402
312 324
172 173
161 173
282 283
271 283
493 494
404 416
342 343
253 265
363 375
223 224
212 224
434 435
72 73
345 357
283 284
194 206
315 316
304 316
526 527
164 165
375 376
286 298
135 147
256 257
245 257
378 390
316 317
227 239
337 349
559 560
197 198
186 198
408 409
319 331
257 258
120 131
168 180
289 290
278 290
456 467
500 501
489 501
349 350
260 272
560 561
219 231
441 442
352 364
290 291
563 575
311 323
501 502
533 534
522 534
382 383
293 305
231 232
204 215
252 264
474 475
463 475
385 397
534 535
566 567
193 205
555 567
415 416
38 39
264 265
537 549
285 297
507 508
496 508
9 21
356 357
567 568
448 449
437 449
1 565
508 509
540 541
529 541
42 54
12 13
511 523
134 146
60 71
481 482
470 482
104 105
541 542
573 574
562 574
75 87
13 14
411 423
45 46
34 46
544 556
482 483
105 106
503 515
16 28
574 575
108 120
46 47
396 407
444 456
78 79
67 79
138 139
536 548
49 61
19 20
8 20
230 231
456 457
79 80
477 489
322 323
548 549
171 172
82 94
20 21
414 415
52 53
41 53
112 113
23 35
355 356
204 205
115 127
53 54
326 338
74 86
252 263
447 448
296 297
0 564
145 146
56 68
388 389
26 27
15 27
237 238
226 238
86 87
359 371
297 298
480 481
329 330
318 330
528 539
178 179
167 179
89 101
27 28
0 11
300 312
48 60
238 239
389 390
270 271
259 271
421 422
30 42
330 331
362 363
351 363
211 212
200 212
422 423
60 61
333 345
271 272
454 455
443 455
303 304
292 304
7 571
514 515
152 153
141 153
363 364
1 2
274 286
22 34
212 213
384 396
244 245
233 245
93 94
304 305
336 337
325 337
547 548
185 186
174 186
396 397
307 319
245 246
428 429
417 429
277 278
37 49
266 278
444 455
126 127
488 489
337 338
248 260
186 187
369 370
358 370
218 219
207 219
429 430
418 430
340 352
278 279
450 462
310 311
299 311
521 522
148 160
510 522
370 371
281 293
219 220
192 203
402 403
240 252
391 403
462 463
451 463
222 234
332 344
522 523
554 555
181 193
543 555
403 404
392 404
314 326
252 253
424 436
273 285
495 496
122 134
484 496
344 345
365 377
193 194
555 556
214 226
436 437
425 437
285 286
306 318
496 497
528 529
517 529
377 378
366 378
0 1
398 410
48 59
469 470
458 470
92 93
339 351
529 530
561 562
550 562
63 75
184 185
410 411
399 411
33 34
470 471
502 503
491 503
4 16
125 126
324 335
562 563
384 395
34 35
432 444
66 67
524 536
158 159
373 385
7 8
