0.14378809928894043, 541632
0.13935613632202148, 541632
0.1488051414489746, 541632
0.12224197387695312, 541632
0.14930200576782227, 541632
0.14951682090759277, 541632
0.15079617500305176, 578364
0.15732097625732422, 613092
0.16852807998657227, 650820
0.1298999786376953, 577500
0.15064597129821777, 538608
0.12809991836547852, 562500
0.15306305885314941, 587220
0.13599896430969238, 611160
0.13296794891357422, 574080
0.12517213821411133, 539460
0.13000774383544922, 553044
0.1290910243988037, 564228
0.1313621997833252, 560376
0.13157081604003906, 570420
0.13501477241516113, 575556
0.1378030776977539, 602664
0.1424410343170166, 613212
0.1400589942932129, 609948
0.14433789253234863, 619044
0.14042425155639648, 622596
0.1441640853881836, 626736
0.15000486373901367, 666516
0.14701008796691895, 662688
0.08161306381225586, 270936
0.07802796363830566, 269748
0.11588788032531738, 465684
0.042495012283325195, 69660
0.04313015937805176, 69672
0.0486903190612793, 103968
0.12502694129943848, 525516
0.1427900791168213, 640416
0.17430710792541504, 803292
0.19148588180541992, 741816
0.18447518348693848, 706716
0.15074706077575684, 671268
0.16137218475341797, 570144
0.12061309814453125, 490284
0.10566377639770508, 426216
0.13679981231689453, 490284
0.13384008407592773, 570144
0.14911532402038574, 671268
0.17279314994812012, 801900
0.2061293125152588, 974892
0.24315404891967773, 1210872
0.303447961807251, 1544592
0.3881957530975342, 2039148
0.527569055557251, 2790840
0.6904358863830566, 3714264
0.8376140594482422, 4560648
0.9678411483764648, 5239632
1.047424077987671, 5740860
1.0547339916229248, 5760000
1.0535330772399902, 5760000
1.049382209777832, 5760000
0.9089887142181396, 5376936
0.8013761043548584, 4691652
0.6993138790130615, 4140936
0.5602738857269287, 3318420
0.5049939155578613, 2938248
0.562701940536499, 3318420
0.5056040287017822, 2938248
0.40678906440734863, 2308308
0.43369007110595703, 2269800
0.43805694580078125, 2318712
0.3975949287414551, 2258160
0.38405680656433105, 2162352
0.38358283042907715, 1987908
0.3171250820159912, 1766184
0.1832900047302246, 908544
0.2655031681060791, 1376760
0.3628532886505127, 1976448
0.38560009002685547, 2114568
0.37560081481933594, 2061804
0.36156177520751953, 1965444
0.3314380645751953, 1775172
0.2687342166900635, 1384956
0.21396827697753906, 1066224
0.17329096794128418, 846840
0.16933012008666992, 798960
0.16990995407104492, 818664
0.19809293746948242, 798960
0.22965407371520996, 994812
0.24706387519836426, 1273716
0.3213069438934326, 1691088
0.4364333152770996, 2337420
0.5844588279724121, 3184368
0.71026611328125, 3938808
0.9092788696289062, 5057436
1.02968430519104, 5760000
1.031743049621582, 5760000
1.0350849628448486, 5760000
1.0342481136322021, 5760000
1.0172691345214844, 5760000
0.8958709239959717, 5455536
0.6547281742095947, 4007544
0.5579419136047363, 3312216
0.6675851345062256, 4007544
0.5955798625946045, 3425808
0.6876380443572998, 4007544
0.8851783275604248, 5455536
1.031245231628418, 5760000
1.0387461185455322, 5760000
1.0368578433990479, 5760000
1.044611930847168, 5760000
1.0257492065429688, 5760000
0.9167470932006836, 5057436
0.7142527103424072, 3938808
0.843271017074585, 4522488
0.8334929943084717, 4485624
0.8011782169342041, 4402104
0.5598530769348145, 3009864
0.374431848526001, 2066292
0.41083288192749023, 2282484
0.4828529357910156, 2720112
0.7208518981933594, 4106556
0.48981809616088867, 2720112
0.4094102382659912, 2282484
0.3730659484863281, 2066292
0.34743714332580566, 1925448
0.314655065536499, 1717164
0.2706339359283447, 1434924
0.23090887069702148, 1196796
0.19238018989562988, 963000
0.15893816947937012, 777012
0.14098286628723145, 639948
0.11854815483093262, 536220
0.10579085350036621, 454116
0.09667301177978516, 391680
0.08710980415344238, 341352
0.08206319808959961, 299268
0.08129501342773438, 299088
0.11098003387451172, 303576
0.11192011833190918, 308160
0.08549809455871582, 312672
0.07953310012817383, 286032
0.0787200927734375, 286020
0.09552311897277832, 287496
0.07799720764160156, 271332
0.07761812210083008, 271332
0.08225703239440918, 269916
0.09437203407287598, 263124
0.08462285995483398, 258792
0.07580780982971191, 270012
0.07469010353088379, 262716
0.07886099815368652, 291528
0.0795750617980957, 282672
0.05467510223388672, 148932
0.06876587867736816, 223860
0.031265974044799805, 0
0.04036211967468262, 60084
0.06477189064025879, 144372
0.08017921447753906, 231492
0.0901038646697998, 318864
0.08818197250366211, 321144
0.09039497375488281, 317376
0.0900428295135498, 313584
0.4392409324645996, 627168
0.17903900146484375, 627168
0.1730179786682129, 627168
0.17049908638000488, 627168
0.18305611610412598, 627168
0.18700790405273438, 627168
0.18791508674621582, 627168
0.16135883331298828, 627168
0.16121196746826172, 627168
0.1613917350769043, 627168
0.18338513374328613, 627168
0.1625049114227295, 627168
0.16324472427368164, 627168
0.1852130889892578, 627168
0.16391897201538086, 627168
0.16281414031982422, 627168
0.16222167015075684, 627168
0.16229510307312012, 627168
0.1892709732055664, 627168
0.1793351173400879, 627168
0.1626889705657959, 627168
0.16109395027160645, 627168
0.16080522537231445, 627168
0.16345000267028809, 627168
0.18585205078125, 627168
0.195936918258667, 685272
0.17223596572875977, 681312
0.10042476654052734, 274728
0.1223609447479248, 275880
0.19626283645629883, 685272
0.1820218563079834, 754008
0.19214677810668945, 691824
0.18503284454345703, 627168
0.18245601654052734, 625704
0.19032692909240723, 627168
0.1815330982208252, 625704
0.18432188034057617, 625704
0.184035062789917, 625704
0.1868453025817871, 627168
0.19285988807678223, 666564
0.17023611068725586, 701088
0.20686912536621094, 751476
0.18738412857055664, 799800
0.19693994522094727, 850032
0.204941987991333, 892788
0.21248102188110352, 943068
0.22045612335205078, 985812
0.19668817520141602, 857868
0.2080068588256836, 896616
0.21210885047912598, 934824
0.19605183601379395, 837432
0.19991016387939453, 866880
0.20585894584655762, 899568
0.20174002647399902, 856068
0.2012162208557129, 877380
0.2069990634918213, 893676
0.20956802368164062, 914496
0.2081758975982666, 902376
0.2099168300628662, 916476
0.19258594512939453, 813780
0.19718003273010254, 838332
0.20150423049926758, 878040
0.2202470302581787, 976848
0.22105789184570312, 987480
0.21558475494384766, 955248
0.21654081344604492, 955896
0.21781301498413086, 966036
0.22771096229553223, 1033704
0.2346029281616211, 1068000
0.24197912216186523, 1121112
0.22145605087280273, 986400
0.1983509063720703, 855132
0.07494401931762695, 129828
0.05293703079223633, 0
0.05296897888183594, 0
0.05288505554199219, 0
0.052985191345214844, 0
0.05301618576049805, 0
0.053201913833618164, 0
0.05409383773803711, 0
0.053224802017211914, 0
0.07602977752685547, 139128
0.08581995964050293, 201828
0.23485803604125977, 1099416
0.25820398330688477, 1235796
0.25115323066711426, 1202208
0.2769491672515869, 1285152
0.2902209758758545, 1262340
0.24863886833190918, 1181076
0.2531399726867676, 1191084
0.25096988677978516, 1051944
0.21073508262634277, 935844
0.19318199157714844, 838164
0.2281479835510254, 935844
0.23047184944152832, 1051944
0.2530989646911621, 1191084
0.2814650535583496, 1359492
0.3160839080810547, 1565640
0.35880613327026367, 1823892
0.41748499870300293, 2169804
0.4920933246612549, 2637660
0.5986881256103516, 3279180
0.7490298748016357, 4193664
0.9453587532043457, 5360832
1.06961989402771, 6068976
0.889359712600708, 5037984
1.0952870845794678, 6044424
1.1734700202941895, 6778500
